MJD, Altitude, Latitude, Longitude, SPS, Alpha
 31844.00000000, 3.959000E+02, 0.000000E+00, 223.942534, 41.454815, 90.000000
 31844.00069444, 3.972633E+02, 2.991544E+00, 225.399832, 39.780653, 90.000000
 31844.00138889, 4.014411E+02, 5.974780E+00, 226.847260, 38.316168, 90.000000
 31844.00208333, 4.085401E+02, 8.943094E+00, 228.292306, 37.083917, 90.000000
 31844.00277778, 4.186256E+02, 1.189005E+01, 229.742934, 36.103499, 90.000000
 31844.00347222, 4.317156E+02, 1.480935E+01, 231.207543, 35.389997, 90.000000
 31844.00416667, 4.477793E+02, 1.769479E+01, 232.694924, 34.952491, 90.000000
 31844.00486111, 4.667395E+02, 2.054021E+01, 234.214197, 34.792977, 90.000000
 31844.00555556, 4.884792E+02, 2.333950E+01, 235.774765, 34.905946, 90.000000
 31844.00625000, 5.128499E+02, 2.608655E+01, 237.386277, 35.278786, 90.000000
 31844.00694444, 5.396811E+02, 2.877532E+01, 239.058612, 35.892941, 90.000000
 31844.00763889, 5.687898E+02, 3.139982E+01, 240.801882, 36.725565, 90.000000
 31844.00833333, 5.999888E+02, 3.395414E+01, 242.626449, 37.751355, 90.000000
 31844.00902778, 6.330932E+02, 3.643245E+01, 244.542939, 38.944247, 90.000000
 31844.00972222, 6.679251E+02, 3.882902E+01, 246.562256, 40.278776, 90.000000
 31844.01041667, 7.043166E+02, 4.113816E+01, 248.695554, 41.731048, 90.000000
 31844.01111111, 7.421110E+02, 4.335422E+01, 250.954173, 43.279307, 90.000000
 31844.01180556, 7.811628E+02, 4.547155E+01, 253.349493, 44.904212, 90.000000
 31844.01250000, 8.213373E+02, 4.748439E+01, 255.892691, 46.588870, 90.000000
 31844.01319444, 8.625093E+02, 4.938690E+01, 258.594385, 48.318735, 90.000000
 31844.01388889, 9.045620E+02, 5.117309E+01, 261.464111, 50.081416, 90.000000
 31844.01458333, 9.473856E+02, 5.283680E+01, 264.509647, 51.866450, 90.000000
 31844.01527778, 9.908764E+02, 5.437182E+01, 267.736168, 53.665062, 90.000000
 31844.01597222, 1.034936E+03, 5.577193E+01, 271.145250, 55.469938, 90.000000
 31844.01666667, 1.079470E+03, 5.703110E+01, 274.733803, 57.275016, 90.000000
 31844.01736111, 1.124390E+03, 5.814373E+01, 278.493036, 59.075291, 90.000000
 31844.01805556, 1.169609E+03, 5.910494E+01, 282.407615, 60.866662, 90.000000
 31844.01875000, 1.215047E+03, 5.991097E+01, 286.455221, 62.645782, 90.000000
 31844.01944444, 1.260625E+03, 6.055950E+01, 290.606696, 64.409938, 90.000000
 31844.02013889, 1.306269E+03, 6.104997E+01, 294.826906, 66.156957, 90.000000
 31844.02083333, 1.351909E+03, 6.138387E+01, 299.076359, 67.885110, 90.000000
 31844.02152778, 1.397480E+03, 6.156481E+01, 303.313406, 69.593048, 90.000000
 31844.02222222, 1.442918E+03, 6.159847E+01, 307.496769, 71.279734, 90.000000
 31844.02291667, 1.488166E+03, 6.149239E+01, 311.588007, 72.944401, 90.000000
 31844.02361111, 1.533169E+03, 6.125564E+01, 315.553574, 74.586499, 90.000000
 31844.02430556, 1.577875E+03, 6.089839E+01, 319.366219, 76.205667, 90.000000
 31844.02500000, 1.622237E+03, 6.043144E+01, 323.005641, 77.801699, 90.000000
 31844.02569444, 1.666211E+03, 5.986581E+01, 326.458437, 79.374519, 90.000000
 31844.02638889, 1.709754E+03, 5.921238E+01, 329.717523, 80.924156, 90.000000
 31844.02708333, 1.752829E+03, 5.848156E+01, 332.781213, 82.450733, 90.000000
 31844.02777778, 1.795400E+03, 5.768313E+01, 335.652151, 83.954441, 90.000000
 31844.02847222, 1.837434E+03, 5.682609E+01, 338.336240, 85.435533, 90.000000
 31844.02916667, 1.878899E+03, 5.591861E+01, 340.841674, 86.894312, 90.000000
 31844.02986111, 1.919768E+03, 5.496801E+01, 343.178117, 88.331115, 90.000000
 31844.03055556, 1.960014E+03, 5.398079E+01, 345.356039, 89.746312, 90.000000
 31844.03125000, 1.999613E+03, 5.296265E+01, 347.386216, 91.140292, 90.000000
 31844.03194444, 2.038540E+03, 5.191862E+01, 349.279360, 92.513465, 90.000000
 31844.03263889, 2.076776E+03, 5.085304E+01, 351.045871, 93.866246, 90.000000
 31844.03333333, 2.114300E+03, 4.976970E+01, 352.695663, 95.199060, 90.000000
 31844.03402778, 2.151094E+03, 4.867186E+01, 354.238072, 96.512333, 90.000000
 31844.03472222, 2.187140E+03, 4.756233E+01, 355.681805, 97.806489, 90.000000
 31844.03541667, 2.222423E+03, 4.644353E+01, 357.034922, 99.081950, 90.000000
 31844.03611111, 2.256928E+03, 4.531752E+01, 358.304848, 100.339128, 90.000000
 31844.03680556, 2.290640E+03, 4.418607E+01, 359.498397, 101.578431, 90.000000
 31844.03750000, 2.323548E+03, 4.305068E+01,  0.621808, 102.800252, 90.000000
 31844.03819444, 2.355637E+03, 4.191264E+01,  1.680777, 104.004973, 90.000000
 31844.03888889, 2.386899E+03, 4.077303E+01,  2.680506, 105.192965, 90.000000
 31844.03958333, 2.417320E+03, 3.963275E+01,  3.625739, 106.364582, 90.000000
 31844.04027778, 2.446893E+03, 3.849257E+01,  4.520805, 107.520162, 90.000000
 31844.04097222, 2.475607E+03, 3.735313E+01,  5.369652, 108.660028, 90.000000
 31844.04166667, 2.503454E+03, 3.621495E+01,  6.175888, 109.784483, 90.000000
 31844.04236111, 2.530426E+03, 3.507845E+01,  6.942808, 110.893815, 90.000000
 31844.04305556, 2.556515E+03, 3.394399E+01,  7.673428, 111.988290, 90.000000
 31844.04375000, 2.581715E+03, 3.281183E+01,  8.370510, 113.068155, 90.000000
 31844.04444444, 2.606018E+03, 3.168218E+01,  9.036588, 114.133639, 90.000000
 31844.04513889, 2.629419E+03, 3.055520E+01,  9.673991, 115.184947, 90.000000
 31844.04583333, 2.651912E+03, 2.943099E+01, 10.284860, 116.222263, 90.000000
 31844.04652778, 2.673492E+03, 2.830961E+01, 10.871173, 117.245749, 90.000000
 31844.04722222, 2.694153E+03, 2.719111E+01, 11.434753, 118.255544, 90.000000
 31844.04791667, 2.713891E+03, 2.607546E+01, 11.977288, 119.251763, 90.000000
 31844.04861111, 2.732702E+03, 2.496265E+01, 12.500344, 120.234495, 90.000000
 31844.04930556, 2.750581E+03, 2.385261E+01, 13.005376, 121.203807, 90.000000
 31844.05000000, 2.767526E+03, 2.274528E+01, 13.493739, 122.159735, 90.000000
 31844.05069444, 2.783532E+03, 2.164055E+01, 13.966697, 123.102290, 90.000000
 31844.05138889, 2.798597E+03, 2.053831E+01, 14.425432, 124.031454, 90.000000
 31844.05208333, 2.812717E+03, 1.943845E+01, 14.871056, 124.947180, 90.000000
 31844.05277778, 2.825891E+03, 1.834082E+01, 15.304610, 125.849389, 90.000000
 31844.05347222, 2.838114E+03, 1.724528E+01, 15.727079, 126.737969, 90.000000
 31844.05416667, 2.849386E+03, 1.615167E+01, 16.139392, 127.612778, 90.000000
 31844.05486111, 2.859704E+03, 1.505983E+01, 16.542431, 128.473634, 90.000000
 31844.05555556, 2.869066E+03, 1.396958E+01, 16.937035, 129.320321, 90.000000
 31844.05625000, 2.877471E+03, 1.288074E+01, 17.324003, 130.152584, 90.000000
 31844.05694444, 2.884916E+03, 1.179312E+01, 17.704101, 130.970129, 90.000000
 31844.05763889, 2.891402E+03, 1.070655E+01, 18.078064, 131.772619, 90.000000
 31844.05833333, 2.896926E+03, 9.620822E+00, 18.446600, 132.559673, 90.000000
 31844.05902778, 2.901487E+03, 8.535740E+00, 18.810393, 133.330864, 90.000000
 31844.05972222, 2.905085E+03, 7.451104E+00, 19.170109, 134.085719, 90.000000
 31844.06041667, 2.907719E+03, 6.366709E+00, 19.526395, 134.823714, 90.000000
 31844.06111111, 2.909389E+03, 5.282349E+00, 19.879884, 135.544276, 90.000000
 31844.06180556, 2.910094E+03, 4.197815E+00, 20.231199, 136.246776, 90.000000
 31844.06250000, 2.909833E+03, 3.112896E+00, 20.580953, 136.930533, 90.000000
 31844.06319444, 2.908607E+03, 2.027381E+00, 20.929753, 137.594810, 90.000000
 31844.06388889, 2.906416E+03, 9.410549E-01, 21.278204, 138.238811, 90.000000
 31844.06458333, 2.903260E+03, -1.462963E-01, 21.626907, 138.861683, 90.000000
 31844.06527778, 2.899139E+03, -1.234888E+00, 21.976468, 139.462517, 90.000000
 31844.06597222, 2.894054E+03, -2.324937E+00, 22.327495, 140.040343, 90.000000
 31844.06666667, 2.888005E+03, -3.416658E+00, 22.680603, 140.594137, 90.000000
 31844.06736111, 2.880993E+03, -4.510268E+00, 23.036418, 141.122818, 90.000000
 31844.06805556, 2.873019E+03, -5.605983E+00, 23.395577, 141.625252, 90.000000
 31844.06875000, 2.864085E+03, -6.704017E+00, 23.758731, 142.100256, 90.000000
 31844.06944444, 2.854191E+03, -7.804585E+00, 24.126551, 142.546601, 90.000000
 31844.07013889, 2.843340E+03, -8.907899E+00, 24.499728, 142.963020, 90.000000
 31844.07083333, 2.831532E+03, -1.001417E+01, 24.878979, 143.348211, 90.000000
 31844.07152778, 2.818770E+03, -1.112360E+01, 25.265048, 143.700850, 90.000000
 31844.07222222, 2.805056E+03, -1.223641E+01, 25.658710, 144.019593, 90.000000
 31844.07291667, 2.790392E+03, -1.335278E+01, 26.060778, 144.303096, 90.000000
 31844.07361111, 2.774781E+03, -1.447292E+01, 26.472106, 144.550016, 90.000000
 31844.07430556, 2.758225E+03, -1.559701E+01, 26.893593, 144.759031, 90.000000
 31844.07500000, 2.740728E+03, -1.672525E+01, 27.326187, 144.928848, 90.000000
 31844.07569444, 2.722293E+03, -1.785780E+01, 27.770897, 145.058219, 90.000000
 31844.07638889, 2.702924E+03, -1.899483E+01, 28.228792, 145.145952, 90.000000
 31844.07708333, 2.682624E+03, -2.013651E+01, 28.701012, 145.190926, 90.000000
 31844.07777778, 2.661399E+03, -2.128297E+01, 29.188778, 145.192099, 90.000000
 31844.07847222, 2.639252E+03, -2.243433E+01, 29.693396, 145.148523, 90.000000
 31844.07916667, 2.616189E+03, -2.359072E+01, 30.216271, 145.059350, 90.000000
 31844.07986111, 2.592215E+03, -2.475223E+01, 30.758913, 144.923839, 90.000000
 31844.08055556, 2.567336E+03, -2.591891E+01, 31.322956, 144.741362, 90.000000
 31844.08125000, 2.541560E+03, -2.709082E+01, 31.910164, 144.511408, 90.000000
 31844.08194444, 2.514891E+03, -2.826795E+01, 32.522454, 144.233577, 90.000000
 31844.08263889, 2.487339E+03, -2.945028E+01, 33.161907, 143.907584, 90.000000
 31844.08333333, 2.458911E+03, -3.063774E+01, 33.830789, 143.533250, 90.000000
 31844.08402778, 2.429615E+03, -3.183021E+01, 34.531574, 143.110496, 90.000000
 31844.08472222, 2.399461E+03, -3.302749E+01, 35.266965, 142.639336, 90.000000
 31844.08541667, 2.368459E+03, -3.422936E+01, 36.039925, 142.119863, 90.000000
 31844.08611111, 2.336620E+03, -3.543548E+01, 36.853701, 141.552240, 90.000000
 31844.08680556, 2.303955E+03, -3.664543E+01, 37.711866, 140.936688, 90.000000
 31844.08750000, 2.270476E+03, -3.785869E+01, 38.618349, 140.273472, 90.000000
 31844.08819444, 2.236197E+03, -3.907460E+01, 39.577479, 139.562891, 90.000000
 31844.08888889, 2.201132E+03, -4.029239E+01, 40.594031, 138.805262, 90.000000
 31844.08958333, 2.165297E+03, -4.151108E+01, 41.673277, 138.000913, 90.000000
 31844.09027778, 2.128707E+03, -4.272951E+01, 42.821037, 137.150167, 90.000000
 31844.09097222, 2.091381E+03, -4.394630E+01, 44.043736, 136.253340, 90.000000
 31844.09166667, 2.053337E+03, -4.515979E+01, 45.348466, 135.310723, 90.000000
 31844.09236111, 2.014595E+03, -4.636802E+01, 46.743042, 134.322582, 90.000000
 31844.09305556, 1.975178E+03, -4.756865E+01, 48.236056, 133.289148, 90.000000
 31844.09375000, 1.935109E+03, -4.875892E+01, 49.836926, 132.210612, 90.000000
 31844.09444444, 1.894412E+03, -4.993561E+01, 51.555922, 131.087124, 90.000000
 31844.09513889, 1.853115E+03, -5.109490E+01, 53.404172, 129.918785, 90.000000
 31844.09583333, 1.811246E+03, -5.223232E+01, 55.393616, 128.705651, 90.000000
 31844.09652778, 1.768835E+03, -5.334269E+01, 57.536903, 127.447728, 90.000000
 31844.09722222, 1.725917E+03, -5.441995E+01, 59.847196, 126.144975, 90.000000
 31844.09791667, 1.682526E+03, -5.545714E+01, 62.337853, 124.797303, 90.000000
 31844.09861111, 1.638700E+03, -5.644625E+01, 65.021943, 123.404579, 90.000000
 31844.09930556, 1.594480E+03, -5.737819E+01, 67.911564, 121.966632, 90.000000
 31844.10000000, 1.549909E+03, -5.824273E+01, 71.016922, 120.483249, 90.000000
 31844.10069444, 1.505034E+03, -5.902853E+01, 74.345159, 118.954190, 90.000000
 31844.10138889, 1.459904E+03, -5.972322E+01, 77.898953, 117.379187, 90.000000
 31844.10208333, 1.414573E+03, -6.031363E+01, 81.674986, 115.757957, 90.000000
 31844.10277778, 1.369099E+03, -6.078609E+01, 85.662436, 114.090203, 90.000000
 31844.10347222, 1.323540E+03, -6.112692E+01, 89.841764, 112.375633, 90.000000
 31844.10416667, 1.277962E+03, -6.132295E+01, 94.184119, 110.613962, 90.000000
 31844.10486111, 1.232433E+03, -6.136221E+01, 98.651670, 108.804930, 90.000000
 31844.10555556, 1.187026E+03, -6.123460E+01, 103.199067, 106.948317, 90.000000
 31844.10625000, 1.141816E+03, -6.093238E+01, 107.776008, 105.043955, 90.000000
 31844.10694444, 1.096884E+03, -6.045062E+01, 112.330610, 103.091754, 90.000000
 31844.10763889, 1.052315E+03, -5.978730E+01, 116.813044, 101.091719, 90.000000
 31844.10833333, 1.008194E+03, -5.894321E+01, 121.178823, 99.043981, 90.000000
 31844.10902778, 9.646123E+02, -5.792164E+01, 125.391245, 96.948826, 90.000000
 31844.10972222, 9.216633E+02, -5.672786E+01, 129.422693, 94.806734, 90.000000
 31844.11041667, 8.794420E+02, -5.536864E+01, 133.254834, 92.618424, 90.000000
 31844.11111111, 8.380457E+02, -5.385167E+01, 136.877911, 90.384903, 90.000000
 31844.11180556, 7.975734E+02, -5.218515E+01, 140.289470, 88.107533, 90.000000
 31844.11250000, 7.581257E+02, -5.037742E+01, 143.492827, 85.788092, 90.000000
 31844.11319444, 7.198055E+02, -4.843674E+01, 146.495529, 83.428860, 90.000000
 31844.11388889, 6.827179E+02, -4.637114E+01, 149.307980, 81.032704, 90.000000
 31844.11458333, 6.469720E+02, -4.418837E+01, 151.942297, 78.603170, 90.000000
 31844.11527778, 6.126824E+02, -4.189591E+01, 154.411430, 76.144581, 90.000000
 31844.11597222, 5.799708E+02, -3.950100E+01, 156.728517, 73.662136, 90.000000
 31844.11666667, 5.489686E+02, -3.701075E+01, 158.906453, 71.162001, 90.000000
 31844.11736111, 5.198188E+02, -3.443220E+01, 160.957624, 68.651398, 90.000000
 31844.11805556, 4.926780E+02, -3.177240E+01, 162.893772, 66.138669, 90.000000
 31844.11875000, 4.677165E+02, -2.903850E+01, 164.725959, 63.633336, 90.000000
 31844.11944444, 4.451183E+02, -2.623777E+01, 166.464590, 61.146132, 90.000000
 31844.12013889, 4.250777E+02, -2.337763E+01, 168.119496, 58.689018, 90.000000
 31844.12083333, 4.077948E+02, -2.046568E+01, 169.700019, 56.275181, 90.000000
 31844.12152778, 3.934680E+02, -1.750966E+01, 171.215124, 53.919023, 90.000000
 31844.12222222, 3.822854E+02, -1.451742E+01, 172.673492, 51.636128, 90.000000
 31844.12291667, 3.744144E+02, -1.149690E+01, 174.083597, 49.443220, 90.000000
 31844.12361111, 3.699915E+02, -8.456078E+00, 175.453764, 47.358083, 90.000000
 31844.12430556, 3.691133E+02, -5.402917E+00, 176.792197, 45.399435, 90.000000
 31844.12500000, 3.718295E+02, -2.345354E+00, 178.106980, 43.586687, 90.000000
 31844.12569444, 3.781394E+02, 7.087564E-01, 179.406069, 41.939580, 90.000000
 31844.12638889, 3.879917E+02, 3.751678E+00, 180.697265, 40.477604, 90.000000
 31844.12708333, 4.012883E+02, 6.775838E+00, 181.988192, 39.219211, 90.000000
 31844.12777778, 4.178904E+02, 9.773879E+00, 183.286286, 38.180801, 90.000000
 31844.12847222, 4.376274E+02, 1.273872E+01, 184.598796, 37.375573, 90.000000
 31844.12916667, 4.603058E+02, 1.566359E+01, 185.932810, 36.812392, 90.000000
 31844.12986111, 4.857193E+02, 1.854213E+01, 187.295299, 36.494854, 90.000000
 31844.13055556, 5.136565E+02, 2.136838E+01, 188.693182, 36.420773, 90.000000
 31844.13125000, 5.439076E+02, 2.413682E+01, 190.133406, 36.582211, 90.000000
 31844.13194444, 5.762699E+02, 2.684242E+01, 191.623027, 36.966078, 90.000000
 31844.13263889, 6.105507E+02, 2.948054E+01, 193.169306, 37.555180, 90.000000
 31844.13333333, 6.465687E+02, 3.204696E+01, 194.779787, 38.329534, 90.000000
 31844.13402778, 6.841547E+02, 3.453780E+01, 196.462376, 39.267701, 90.000000
 31844.13472222, 7.231512E+02, 3.694946E+01, 198.225392, 40.347988, 90.000000
 31844.13541667, 7.634113E+02, 3.927851E+01, 200.077604, 41.549389, 90.000000
 31844.13611111, 8.047975E+02, 4.152164E+01, 202.028230, 42.852245, 90.000000
 31844.13680556, 8.471810E+02, 4.367553E+01, 204.086891, 44.238634, 90.000000
 31844.13750000, 8.904401E+02, 4.573683E+01, 206.263520, 45.692556, 90.000000
 31844.13819444, 9.344595E+02, 4.770200E+01, 208.568193, 47.199952, 90.000000
 31844.13888889, 9.791300E+02, 4.956734E+01, 211.010884, 48.748627, 90.000000
 31844.13958333, 1.024347E+03, 5.132887E+01, 213.601106, 50.328106, 90.000000
 31844.14027778, 1.070013E+03, 5.298236E+01, 216.347442, 51.929462, 90.000000
 31844.14097222, 1.116032E+03, 5.452332E+01, 219.256939, 53.545142, 90.000000
 31844.14166667, 1.162316E+03, 5.594705E+01, 222.334375, 55.168791, 90.000000
 31844.14236111, 1.208780E+03, 5.724877E+01, 225.581413, 56.795087, 90.000000
 31844.14305556, 1.255344E+03, 5.842372E+01, 228.995695, 58.419600, 90.000000
 31844.14375000, 1.301931E+03, 5.946742E+01, 232.569968, 60.038660, 90.000000
 31844.14444444, 1.348471E+03, 6.037589E+01, 236.291353, 61.649246, 90.000000
 31844.14513889, 1.394897E+03, 6.114594E+01, 240.140925, 63.248887, 90.000000
 31844.14583333, 1.441146E+03, 6.177548E+01, 244.093746, 64.835579, 90.000000
 31844.14652778, 1.487160E+03, 6.226380E+01, 248.119472, 66.407716, 90.000000
 31844.14722222, 1.532883E+03, 6.261178E+01, 252.183565, 67.964023, 90.000000
 31844.14791667, 1.578265E+03, 6.282198E+01, 256.249027, 69.503512, 90.000000
 31844.14861111, 1.623258E+03, 6.289873E+01, 260.278471, 71.025431, 90.000000
 31844.14930556, 1.667818E+03, 6.284791E+01, 264.236232, 72.529230, 90.000000
 31844.15000000, 1.711903E+03, 6.267675E+01, 268.090248, 74.014527, 90.000000
 31844.15069444, 1.755476E+03, 6.239356E+01, 271.813471, 75.481082, 90.000000
 31844.15138889, 1.798501E+03, 6.200732E+01, 275.384686, 76.928776, 90.000000
 31844.15208333, 1.840945E+03, 6.152734E+01, 278.788737, 78.357585, 90.000000
 31844.15277778, 1.882777E+03, 6.096297E+01, 282.016247, 79.767569, 90.000000
 31844.15347222, 1.923969E+03, 6.032330E+01, 285.062984, 81.158855, 90.000000
 31844.15416667, 1.964495E+03, 5.961700E+01, 287.929019, 82.531626, 90.000000
 31844.15486111, 2.004330E+03, 5.885214E+01, 290.617825, 83.886108, 90.000000
 31844.15555556, 2.043450E+03, 5.803615E+01, 293.135402, 85.222565, 90.000000
 31844.15625000, 2.081836E+03, 5.717575E+01, 295.489510, 86.541286, 90.000000
 31844.15694444, 2.119467E+03, 5.627699E+01, 297.689015, 87.842587, 90.000000
 31844.15763889, 2.156326E+03, 5.534523E+01, 299.743373, 89.126794, 90.000000
 31844.15833333, 2.192395E+03, 5.438523E+01, 301.662238, 90.394249, 90.000000
 31844.15902778, 2.227658E+03, 5.340114E+01, 303.455168, 91.645299, 90.000000
 31844.15972222, 2.262101E+03, 5.239661E+01, 305.131433, 92.880296, 90.000000
 31844.16041667, 2.295710E+03, 5.137482E+01, 306.699875, 94.099593, 90.000000
 31844.16111111, 2.328473E+03, 5.033851E+01, 308.168834, 95.303540, 90.000000
 31844.16180556, 2.360378E+03, 4.929008E+01, 309.546107, 96.492486, 90.000000
 31844.16250000, 2.391414E+03, 4.823158E+01, 310.838934, 97.666772, 90.000000
 31844.16319444, 2.421571E+03, 4.716478E+01, 312.054005, 98.826733, 90.000000
 31844.16388889, 2.450839E+03, 4.609121E+01, 313.197483, 99.972696, 90.000000
 31844.16458333, 2.479209E+03, 4.501217E+01, 314.275027, 101.104976, 90.000000
 31844.16527778, 2.506674E+03, 4.392877E+01, 315.291827, 102.223881, 90.000000
 31844.16597222, 2.533226E+03, 4.284197E+01, 316.252635, 103.329705, 90.000000
 31844.16666667, 2.558857E+03, 4.175256E+01, 317.161803, 104.422730, 90.000000
 31844.16736111, 2.583562E+03, 4.066122E+01, 318.023315, 105.503225, 90.000000
 31844.16805556, 2.607334E+03, 3.956852E+01, 318.840818, 106.571444, 90.000000
 31844.16875000, 2.630168E+03, 3.847492E+01, 319.617653, 107.627630, 90.000000
 31844.16944444, 2.652058E+03, 3.738081E+01, 320.356883, 108.672008, 90.000000
 31844.17013889, 2.673000E+03, 3.628650E+01, 321.061321, 109.704788, 90.000000
 31844.17083333, 2.692989E+03, 3.519225E+01, 321.733549, 110.726164, 90.000000
 31844.17152778, 2.712021E+03, 3.409823E+01, 322.375944, 111.736314, 90.000000
 31844.17222222, 2.730092E+03, 3.300459E+01, 322.990695, 112.735399, 90.000000
 31844.17291667, 2.747199E+03, 3.191143E+01, 323.579825, 113.723559, 90.000000
 31844.17361111, 2.763338E+03, 3.081881E+01, 324.145201, 114.700919, 90.000000
 31844.17430556, 2.778507E+03, 2.972676E+01, 324.688552, 115.667584, 90.000000
 31844.17500000, 2.792703E+03, 2.863526E+01, 325.211484, 116.623636, 90.000000
 31844.17569444, 2.805923E+03, 2.754429E+01, 325.715489, 117.569141, 90.000000
 31844.17638889, 2.818165E+03, 2.645380E+01, 326.201955, 118.504139, 90.000000
 31844.17708333, 2.829427E+03, 2.536370E+01, 326.672181, 119.428649, 90.000000
 31844.17777778, 2.839707E+03, 2.427391E+01, 327.127379, 120.342668, 90.000000
 31844.17847222, 2.849004E+03, 2.318432E+01, 327.568688, 121.246164, 90.000000
 31844.17916667, 2.857315E+03, 2.209480E+01, 327.997178, 122.139083, 90.000000
 31844.17986111, 2.864641E+03, 2.100521E+01, 328.413856, 123.021341, 90.000000
 31844.18055556, 2.870978E+03, 1.991541E+01, 328.819676, 123.892827, 90.000000
 31844.18125000, 2.876327E+03, 1.882523E+01, 329.215541, 124.753399, 90.000000
 31844.18194444, 2.880687E+03, 1.773450E+01, 329.602308, 125.602882, 90.000000
 31844.18263889, 2.884056E+03, 1.664305E+01, 329.980797, 126.441069, 90.000000
 31844.18333333, 2.886435E+03, 1.555068E+01, 330.351789, 127.267716, 90.000000
 31844.18402778, 2.887823E+03, 1.445721E+01, 330.716035, 128.082543, 90.000000
 31844.18472222, 2.888219E+03, 1.336243E+01, 331.074257, 128.885228, 90.000000
 31844.18541667, 2.887624E+03, 1.226613E+01, 331.427155, 129.675410, 90.000000
 31844.18611111, 2.886038E+03, 1.116811E+01, 331.775406, 130.452680, 90.000000
 31844.18680556, 2.883460E+03, 1.006813E+01, 332.119668, 131.216586, 90.000000
 31844.18750000, 2.879892E+03, 8.965976E+00, 332.460587, 131.966624, 90.000000
 31844.18819444, 2.875333E+03, 7.861421E+00, 332.798795, 132.702238, 90.000000
 31844.18888889, 2.869784E+03, 6.754230E+00, 333.134916, 133.422819, 90.000000
 31844.18958333, 2.863246E+03, 5.644162E+00, 333.469566, 134.127700, 90.000000
 31844.19027778, 2.855719E+03, 4.530978E+00, 333.803359, 134.816154, 90.000000
 31844.19097222, 2.847206E+03, 3.414431E+00, 334.136907, 135.487391, 90.000000
 31844.19166667, 2.837707E+03, 2.294271E+00, 334.470824, 136.140556, 90.000000
 31844.19236111, 2.827224E+03, 1.170245E+00, 334.805728, 136.774729, 90.000000
 31844.19305556, 2.815758E+03, 4.209644E-02, 335.142246, 137.388918, 90.000000
 31844.19375000, 2.803311E+03, -1.090433E+00, 335.481012, 137.982063, 90.000000
 31844.19444444, 2.789886E+03, -2.227605E+00, 335.822676, 138.553032, 90.000000
 31844.19513889, 2.775484E+03, -3.369685E+00, 336.167903, 139.100619, 90.000000
 31844.19583333, 2.760109E+03, -4.516940E+00, 336.517376, 139.623550, 90.000000
 31844.19652778, 2.743763E+03, -5.669636E+00, 336.871805, 140.120478, 90.000000
 31844.19722222, 2.726448E+03, -6.828044E+00, 337.231923, 140.589992, 90.000000
 31844.19791667, 2.708169E+03, -7.992434E+00, 337.598497, 141.030614, 90.000000
 31844.19861111, 2.688930E+03, -9.163077E+00, 337.972325, 141.440807, 90.000000
 31844.19930556, 2.668733E+03, -1.034024E+01, 338.354250, 141.818984, 90.000000
 31844.20000000, 2.647585E+03, -1.152420E+01, 338.745158, 142.163512, 90.000000
 31844.20069444, 2.625488E+03, -1.271522E+01, 339.145985, 142.472721, 90.000000
 31844.20138889, 2.602450E+03, -1.391357E+01, 339.557726, 142.744919, 90.000000
 31844.20208333, 2.578474E+03, -1.511949E+01, 339.981442, 142.978401, 90.000000
 31844.20277778, 2.553568E+03, -1.633326E+01, 340.418264, 143.171466, 90.000000
 31844.20347222, 2.527738E+03, -1.755511E+01, 340.869404, 143.322428, 90.000000
 31844.20416667, 2.500992E+03, -1.878528E+01, 341.336167, 143.429633, 90.000000
 31844.20486111, 2.473336E+03, -2.002400E+01, 341.819960, 143.491477, 90.000000
 31844.20555556, 2.444779E+03, -2.127148E+01, 342.322303, 143.506421, 90.000000
 31844.20625000, 2.415331E+03, -2.252792E+01, 342.844846, 143.473005, 90.000000
 31844.20694444, 2.385001E+03, -2.379347E+01, 343.389384, 143.389861, 90.000000
 31844.20763889, 2.353799E+03, -2.506829E+01, 343.957874, 143.255729, 90.000000
 31844.20833333, 2.321738E+03, -2.635250E+01, 344.552457, 143.069467, 90.000000
 31844.20902778, 2.288828E+03, -2.764616E+01, 345.175481, 142.830053, 90.000000
 31844.20972222, 2.255084E+03, -2.894932E+01, 345.829525, 142.536599, 90.000000
 31844.21041667, 2.220519E+03, -3.026194E+01, 346.517437, 142.188345, 90.000000
 31844.21111111, 2.185148E+03, -3.158394E+01, 347.242360, 141.784662, 90.000000
 31844.21180556, 2.148988E+03, -3.291516E+01, 348.007778, 141.325045, 90.000000
 31844.21250000, 2.112057E+03, -3.425534E+01, 348.817560, 140.809112, 90.000000
 31844.21319444, 2.074372E+03, -3.560411E+01, 349.676013, 140.236586, 90.000000
 31844.21388889, 2.035954E+03, -3.696100E+01, 350.587942, 139.607291, 90.000000
 31844.21458333, 1.996825E+03, -3.832535E+01, 351.558717, 138.921138, 90.000000
 31844.21527778, 1.957008E+03, -3.969632E+01, 352.594355, 138.178107, 90.000000
 31844.21597222, 1.916527E+03, -4.107288E+01, 353.701606, 137.378238, 90.000000
 31844.21666667, 1.875408E+03, -4.245372E+01, 354.888049, 136.521617, 90.000000
 31844.21736111, 1.833679E+03, -4.383720E+01, 356.162211, 135.608357, 90.000000
 31844.21805556, 1.791371E+03, -4.522135E+01, 357.533678, 134.638593, 90.000000
 31844.21875000, 1.748515E+03, -4.660372E+01, 359.013231, 133.612465, 90.000000
 31844.21944444, 1.705145E+03, -4.798135E+01,  0.612973, 132.530108, 90.000000
 31844.22013889, 1.661297E+03, -4.935063E+01,  2.346461, 131.391649, 90.000000
 31844.22083333, 1.617010E+03, -5.070720E+01,  4.228807, 130.197194, 90.000000
 31844.22152778, 1.572325E+03, -5.204582E+01,  6.276756, 128.946828, 90.000000
 31844.22222222, 1.527285E+03, -5.336019E+01,  8.508667, 127.640610, 90.000000
 31844.22291667, 1.481935E+03, -5.464275E+01, 10.944394, 126.278571, 90.000000
 31844.22361111, 1.436326E+03, -5.588454E+01, 13.604950, 124.860721, 90.000000
 31844.22430556, 1.390508E+03, -5.707495E+01, 16.511904, 123.387044, 90.000000
 31844.22500000, 1.344538E+03, -5.820157E+01, 19.686364, 121.857512, 90.000000
 31844.22569444, 1.298474E+03, -5.925003E+01, 23.147447, 120.272085, 90.000000
 31844.22638889, 1.252378E+03, -6.020398E+01, 26.910116, 118.630727, 90.000000
 31844.22708333, 1.206316E+03, -6.104520E+01, 30.982373, 116.933413, 90.000000
 31844.22777778, 1.160359E+03, -6.175392E+01, 35.361942, 115.180146, 90.000000
 31844.22847222, 1.114581E+03, -6.230949E+01, 40.032842, 113.370970, 90.000000
 31844.22916667, 1.069062E+03, -6.269130E+01, 44.962581, 111.505993, 90.000000
 31844.22986111, 1.023887E+03, -6.288007E+01, 50.100920, 109.585402, 90.000000
 31844.23055556, 9.791447E+02, -6.285922E+01, 55.381153, 107.609492, 90.000000
 31844.23125000, 9.349304E+02, -6.261618E+01, 60.724375, 105.578688, 90.000000
 31844.23194444, 8.913449E+02, -6.214338E+01, 66.046302, 103.493576, 90.000000
 31844.23263889, 8.484944E+02, -6.143865E+01, 71.265336, 101.354935, 90.000000
 31844.23333333, 8.064907E+02, -6.050502E+01, 76.309997, 99.163773, 90.000000
 31844.23402778, 7.654513E+02, -5.934993E+01, 81.124169, 96.921368, 90.000000
 31844.23472222, 7.254988E+02, -5.798416E+01, 85.669390, 94.629310, 90.000000
 31844.23541667, 6.867608E+02, -5.642067E+01, 89.924391, 92.289553, 90.000000
 31844.23611111, 6.493696E+02, -5.467352E+01, 93.882716, 89.904467, 90.000000
 31844.23680556, 6.134618E+02, -5.275707E+01, 97.549416, 87.476895, 90.000000
 31844.23750000, 5.791779E+02, -5.068543E+01, 100.937645, 85.010210, 90.000000
 31844.23819444, 5.466623E+02, -4.847210E+01, 104.065664, 82.508378, 90.000000
 31844.23888889, 5.160627E+02, -4.612993E+01, 106.954473, 79.976010, 90.000000
 31844.23958333, 4.875302E+02, -4.367101E+01, 109.626102, 77.418417, 90.000000
 31844.24027778, 4.612189E+02, -4.110685E+01, 112.102460, 74.841645, 90.000000
 31844.24097222, 4.372854E+02, -3.844841E+01, 114.404632, 72.252511, 90.000000
 31844.24166667, 4.158871E+02, -3.570629E+01, 116.552501, 69.658610, 90.000000
 31844.24236111, 3.971806E+02, -3.289077E+01, 118.564588, 67.068324, 90.000000
 31844.24305556, 3.813185E+02, -3.001192E+01, 120.458022, 64.490815, 90.000000
 31844.24375000, 3.684445E+02, -2.707964E+01, 122.248594, 61.936015, 90.000000
 31844.24444444, 3.586886E+02, -2.410364E+01, 123.950841, 59.414629, 90.000000
 31844.24513889, 3.521603E+02, -2.109345E+01, 125.578139, 56.938149, 90.000000
 31844.24583333, 3.489427E+02, -1.805837E+01, 127.142786, 54.518892, 90.000000
 31844.24652778, 3.490858E+02, -1.500743E+01, 128.656073, 52.170059, 90.000000
 31844.24722222, 3.526027E+02, -1.194933E+01, 130.128344, 49.905804, 90.000000
 31844.24791667, 3.594670E+02, -8.892433E+00, 131.569043, 47.741293, 90.000000
 31844.24861111, 3.696131E+02, -5.844718E+00, 132.986763, 45.692722, 90.000000
 31844.24930556, 3.829391E+02, -2.813757E+00, 134.389306, 43.777238, 90.000000
 31844.25000000, 3.993121E+02, 1.932881E-01, 135.783746, 42.012733, 90.000000
 31844.25069444, 4.185756E+02, 3.169685E+00, 137.176513, 40.417428, 90.000000
 31844.25138889, 4.405568E+02, 6.109138E+00, 138.573494, 39.009244, 90.000000
 31844.25208333, 4.650750E+02, 9.005801E+00, 139.980135, 37.804929, 90.000000
 31844.25277778, 4.919485E+02, 1.185428E+01, 141.401559, 36.818998, 90.000000
 31844.25347222, 5.209999E+02, 1.464966E+01, 142.842682, 36.062582, 90.000000
 31844.25416667, 5.520602E+02, 1.738746E+01, 144.308317, 35.542370, 90.000000
 31844.25486111, 5.849709E+02, 2.006367E+01, 145.803276, 35.259816, 90.000000
