MJD, Altitude, Latitude, Longitude, SPS, Alpha
 31844.00000000, 4.959000E+02, 0.000000E+00, 223.942534, 41.454815, 90.000000
 31844.00069444, 4.971393E+02, 2.862267E+00, 225.327977, 39.847485, 90.000000
 31844.00138889, 5.009252E+02, 5.717444E+00, 226.706184, 38.429253, 90.000000
 31844.00208333, 5.073403E+02, 8.559786E+00, 228.083683, 37.220212, 90.000000
 31844.00277778, 5.164359E+02, 1.138368E+01, 229.467363, 36.238249, 90.000000
 31844.00347222, 5.282278E+02, 1.418364E+01, 230.864461, 35.497775, 90.000000
 31844.00416667, 5.426943E+02, 1.695423E+01, 232.282536, 35.008471, 90.000000
 31844.00486111, 5.597779E+02, 1.969008E+01, 233.729446, 34.774275, 90.000000
 31844.00555556, 5.793887E+02, 2.238585E+01, 235.213319, 34.792836, 90.000000
 31844.00625000, 6.014104E+02, 2.503621E+01, 236.742536, 35.055598, 90.000000
 31844.00694444, 6.257069E+02, 2.763587E+01, 238.325724, 35.548498, 90.000000
 31844.00763889, 6.521293E+02, 3.017954E+01, 239.971760, 36.253170, 90.000000
 31844.00833333, 6.805220E+02, 3.266199E+01, 241.689786, 37.148393, 90.000000
 31844.00902778, 7.107283E+02, 3.507803E+01, 243.489223, 38.211543, 90.000000
 31844.00972222, 7.425947E+02, 3.742249E+01, 245.379781, 39.419866, 90.000000
 31844.01041667, 7.759738E+02, 3.969023E+01, 247.371451, 40.751452, 90.000000
 31844.01111111, 8.107257E+02, 4.187611E+01, 249.474468, 42.185892, 90.000000
 31844.01180556, 8.467193E+02, 4.397495E+01, 251.699220, 43.704660, 90.000000
 31844.01250000, 8.838319E+02, 4.598149E+01, 254.056097, 45.291273, 90.000000
 31844.01319444, 9.219486E+02, 4.789037E+01, 256.555245, 46.931286, 90.000000
 31844.01388889, 9.609619E+02, 4.969606E+01, 259.206212, 48.612194, 90.000000
 31844.01458333, 1.000771E+03, 5.139288E+01, 262.017474, 50.323275, 90.000000
 31844.01527778, 1.041279E+03, 5.297500E+01, 264.995807, 52.055402, 90.000000
 31844.01597222, 1.082395E+03, 5.443651E+01, 268.145533, 53.800858, 90.000000
 31844.01666667, 1.124034E+03, 5.577150E+01, 271.467644, 55.553145, 90.000000
 31844.01736111, 1.166111E+03, 5.697424E+01, 274.958877, 57.306826, 90.000000
 31844.01805556, 1.208547E+03, 5.803939E+01, 278.610823, 59.057365, 90.000000
 31844.01875000, 1.251265E+03, 5.896228E+01, 282.409219, 60.800998, 90.000000
 31844.01944444, 1.294194E+03, 5.973923E+01, 286.333579, 62.534618, 90.000000
 31844.02013889, 1.337262E+03, 6.036784E+01, 290.357317, 64.255672, 90.000000
 31844.02083333, 1.380403E+03, 6.084732E+01, 294.448488, 65.962080, 90.000000
 31844.02152778, 1.423555E+03, 6.117866E+01, 298.571145, 67.652160, 90.000000
 31844.02222222, 1.466656E+03, 6.136478E+01, 302.687219, 69.324571, 90.000000
 31844.02291667, 1.509650E+03, 6.141049E+01, 306.758685, 70.978253, 90.000000
 31844.02361111, 1.552484E+03, 6.132231E+01, 310.749729, 72.612393, 90.000000
 31844.02430556, 1.595106E+03, 6.110822E+01, 314.628601, 74.226381, 90.000000
 31844.02500000, 1.637470E+03, 6.077726E+01, 318.368953, 75.819779, 90.000000
 31844.02569444, 1.679531E+03, 6.033920E+01, 321.950543, 77.392298, 90.000000
 31844.02638889, 1.721248E+03, 5.980408E+01, 325.359342, 78.943769, 90.000000
 31844.02708333, 1.762580E+03, 5.918194E+01, 328.587136, 80.474131, 90.000000
 31844.02777778, 1.803493E+03, 5.848250E+01, 331.630807, 81.983406, 90.000000
 31844.02847222, 1.843952E+03, 5.771496E+01, 334.491430, 83.471690, 90.000000
 31844.02916667, 1.883926E+03, 5.688791E+01, 337.173340, 84.939141, 90.000000
 31844.02986111, 1.923385E+03, 5.600917E+01, 339.683253, 86.385963, 90.000000
 31844.03055556, 1.962301E+03, 5.508586E+01, 342.029494, 87.812402, 90.000000
 31844.03125000, 2.000650E+03, 5.412430E+01, 344.221362, 89.218736, 90.000000
 31844.03194444, 2.038407E+03, 5.313015E+01, 346.268638, 90.605270, 90.000000
 31844.03263889, 2.075549E+03, 5.210837E+01, 348.181203, 91.972324, 90.000000
 31844.03333333, 2.112057E+03, 5.106333E+01, 349.968773, 93.320238, 90.000000
 31844.03402778, 2.147910E+03, 4.999882E+01, 351.640712, 94.649356, 90.000000
 31844.03472222, 2.183090E+03, 4.891817E+01, 353.205916, 95.960032, 90.000000
 31844.03541667, 2.217581E+03, 4.782425E+01, 354.672746, 97.252620, 90.000000
 31844.03611111, 2.251366E+03, 4.671953E+01, 356.048993, 98.527474, 90.000000
 31844.03680556, 2.284431E+03, 4.560618E+01, 357.341879, 99.784947, 90.000000
 31844.03750000, 2.316761E+03, 4.448602E+01, 358.558061, 101.025384, 90.000000
 31844.03819444, 2.348344E+03, 4.336065E+01, 359.703665, 102.249124, 90.000000
 31844.03888889, 2.379168E+03, 4.223143E+01,  0.784305, 103.456497, 90.000000
 31844.03958333, 2.409220E+03, 4.109950E+01,  1.805127, 104.647821, 90.000000
 31844.04027778, 2.438490E+03, 3.996586E+01,  2.770840, 105.823406, 90.000000
 31844.04097222, 2.466969E+03, 3.883135E+01,  3.685750, 106.983545, 90.000000
 31844.04166667, 2.494646E+03, 3.769666E+01,  4.553798, 108.128520, 90.000000
 31844.04236111, 2.521514E+03, 3.656238E+01,  5.378590, 109.258596, 90.000000
 31844.04305556, 2.547562E+03, 3.542901E+01,  6.163429, 110.374023, 90.000000
 31844.04375000, 2.572785E+03, 3.429694E+01,  6.911342, 111.475033, 90.000000
 31844.04444444, 2.597173E+03, 3.316651E+01,  7.625107, 112.561843, 90.000000
 31844.04513889, 2.620722E+03, 3.203797E+01,  8.307276, 113.634649, 90.000000
 31844.04583333, 2.643423E+03, 3.091154E+01,  8.960196, 114.693630, 90.000000
 31844.04652778, 2.665272E+03, 2.978736E+01,  9.586031, 115.738942, 90.000000
 31844.04722222, 2.686263E+03, 2.866554E+01, 10.186778, 116.770724, 90.000000
 31844.04791667, 2.706389E+03, 2.754615E+01, 10.764280, 117.789091, 90.000000
 31844.04861111, 2.725647E+03, 2.642923E+01, 11.320248, 118.794137, 90.000000
 31844.04930556, 2.744032E+03, 2.531479E+01, 11.856268, 119.785931, 90.000000
 31844.05000000, 2.761539E+03, 2.420280E+01, 12.373813, 120.764519, 90.000000
 31844.05069444, 2.778165E+03, 2.309323E+01, 12.874257, 121.729923, 90.000000
 31844.05138889, 2.793906E+03, 2.198602E+01, 13.358883, 122.682135, 90.000000
 31844.05208333, 2.808758E+03, 2.088108E+01, 13.828891, 123.621124, 90.000000
 31844.05277778, 2.822718E+03, 1.977832E+01, 14.285407, 124.546828, 90.000000
 31844.05347222, 2.835784E+03, 1.867763E+01, 14.729489, 125.459155, 90.000000
 31844.05416667, 2.847952E+03, 1.757889E+01, 15.162135, 126.357982, 90.000000
 31844.05486111, 2.859220E+03, 1.648197E+01, 15.584289, 127.243155, 90.000000
 31844.05555556, 2.869586E+03, 1.538673E+01, 15.996845, 128.114484, 90.000000
 31844.05625000, 2.879047E+03, 1.429303E+01, 16.400651, 128.971743, 90.000000
 31844.05694444, 2.887603E+03, 1.320070E+01, 16.796520, 129.814670, 90.000000
 31844.05763889, 2.895250E+03, 1.210958E+01, 17.185225, 130.642964, 90.000000
 31844.05833333, 2.901988E+03, 1.101952E+01, 17.567510, 131.456281, 90.000000
 31844.05902778, 2.907815E+03, 9.930331E+00, 17.944091, 132.254236, 90.000000
 31844.05972222, 2.912730E+03, 8.841842E+00, 18.315659, 133.036398, 90.000000
 31844.06041667, 2.916731E+03, 7.753873E+00, 18.682886, 133.802291, 90.000000
 31844.06111111, 2.919819E+03, 6.666241E+00, 19.046422, 134.551390, 90.000000
 31844.06180556, 2.921993E+03, 5.578759E+00, 19.406907, 135.283119, 90.000000
 31844.06250000, 2.923251E+03, 4.491240E+00, 19.764964, 135.996851, 90.000000
 31844.06319444, 2.923594E+03, 3.403494E+00, 20.121209, 136.691904, 90.000000
 31844.06388889, 2.923021E+03, 2.315327E+00, 20.476250, 137.367544, 90.000000
 31844.06458333, 2.921533E+03, 1.226548E+00, 20.830690, 138.022978, 90.000000
 31844.06527778, 2.919129E+03, 1.369608E-01, 21.185131, 138.657358, 90.000000
 31844.06597222, 2.915809E+03, -9.536284E-01, 21.540176, 139.269778, 90.000000
 31844.06666667, 2.911574E+03, -2.045415E+00, 21.896428, 139.859278, 90.000000
 31844.06736111, 2.906425E+03, -3.138595E+00, 22.254498, 140.424838, 90.000000
 31844.06805556, 2.900363E+03, -4.233364E+00, 22.615005, 140.965387, 90.000000
 31844.06875000, 2.893388E+03, -5.329914E+00, 22.978577, 141.479802, 90.000000
 31844.06944444, 2.885501E+03, -6.428442E+00, 23.345857, 141.966909, 90.000000
 31844.07013889, 2.876704E+03, -7.529137E+00, 23.717504, 142.425493, 90.000000
 31844.07083333, 2.866997E+03, -8.632190E+00, 24.094195, 142.854299, 90.000000
 31844.07152778, 2.856384E+03, -9.737790E+00, 24.476631, 143.252040, 90.000000
 31844.07222222, 2.844866E+03, -1.084612E+01, 24.865538, 143.617407, 90.000000
 31844.07291667, 2.832444E+03, -1.195736E+01, 25.261672, 143.949076, 90.000000
 31844.07361111, 2.819121E+03, -1.307170E+01, 25.665820, 144.245717, 90.000000
 31844.07430556, 2.804900E+03, -1.418929E+01, 26.078810, 144.506008, 90.000000
 31844.07500000, 2.789783E+03, -1.531031E+01, 26.501509, 144.728649, 90.000000
 31844.07569444, 2.773773E+03, -1.643492E+01, 26.934833, 144.912368, 90.000000
 31844.07638889, 2.756874E+03, -1.756326E+01, 27.379749, 145.055942, 90.000000
 31844.07708333, 2.739090E+03, -1.869548E+01, 27.837283, 145.158203, 90.000000
 31844.07777778, 2.720423E+03, -1.983172E+01, 28.308526, 145.218058, 90.000000
 31844.07847222, 2.700879E+03, -2.097207E+01, 28.794639, 145.234495, 90.000000
 31844.07916667, 2.680463E+03, -2.211666E+01, 29.296865, 145.206598, 90.000000
 31844.07986111, 2.659177E+03, -2.326556E+01, 29.816536, 145.133551, 90.000000
 31844.08055556, 2.637030E+03, -2.441884E+01, 30.355080, 145.014652, 90.000000
 31844.08125000, 2.614025E+03, -2.557654E+01, 30.914035, 144.849314, 90.000000
 31844.08194444, 2.590169E+03, -2.673868E+01, 31.495062, 144.637067, 90.000000
 31844.08263889, 2.565468E+03, -2.790524E+01, 32.099954, 144.377561, 90.000000
 31844.08333333, 2.539931E+03, -2.907618E+01, 32.730656, 144.070560, 90.000000
 31844.08402778, 2.513563E+03, -3.025141E+01, 33.389277, 143.715942, 90.000000
 31844.08472222, 2.486375E+03, -3.143079E+01, 34.078112, 143.313688, 90.000000
 31844.08541667, 2.458373E+03, -3.261412E+01, 34.799661, 142.863875, 90.000000
 31844.08611111, 2.429568E+03, -3.380117E+01, 35.556654, 142.366665, 90.000000
 31844.08680556, 2.399970E+03, -3.499159E+01, 36.352074, 141.822295, 90.000000
 31844.08750000, 2.369589E+03, -3.618500E+01, 37.189187, 141.231064, 90.000000
 31844.08819444, 2.338436E+03, -3.738087E+01, 38.071574, 140.593322, 90.000000
 31844.08888889, 2.306525E+03, -3.857861E+01, 39.003163, 139.909454, 90.000000
 31844.08958333, 2.273868E+03, -3.977746E+01, 39.988274, 139.179872, 90.000000
 31844.09027778, 2.240479E+03, -4.097654E+01, 41.031651, 138.405000, 90.000000
 31844.09097222, 2.206374E+03, -4.217478E+01, 42.138514, 137.585267, 90.000000
 31844.09166667, 2.171568E+03, -4.337092E+01, 43.314600, 136.721093, 90.000000
 31844.09236111, 2.136078E+03, -4.456346E+01, 44.566218, 135.812884, 90.000000
 31844.09305556, 2.099923E+03, -4.575065E+01, 45.900289, 134.861022, 90.000000
 31844.09375000, 2.063122E+03, -4.693040E+01, 47.324397, 133.865859, 90.000000
 31844.09444444, 2.025696E+03, -4.810030E+01, 48.846825, 132.827713, 90.000000
 31844.09513889, 1.987668E+03, -4.925749E+01, 50.476580, 131.746864, 90.000000
 31844.09583333, 1.949060E+03, -5.039866E+01, 52.223402, 130.623548, 90.000000
 31844.09652778, 1.909899E+03, -5.151997E+01, 54.097731, 129.457958, 90.000000
 31844.09722222, 1.870212E+03, -5.261692E+01, 56.110641, 128.250242, 90.000000
 31844.09791667, 1.830028E+03, -5.368437E+01, 58.273697, 127.000504, 90.000000
 31844.09861111, 1.789377E+03, -5.471636E+01, 60.598730, 125.708802, 90.000000
 31844.09930556, 1.748292E+03, -5.570611E+01, 63.097488, 124.375154, 90.000000
 31844.10000000, 1.706809E+03, -5.664593E+01, 65.781144, 122.999538, 90.000000
 31844.10069444, 1.664965E+03, -5.752716E+01, 68.659623, 121.581893, 90.000000
 31844.10138889, 1.622800E+03, -5.834018E+01, 71.740739, 120.122128, 90.000000
 31844.10208333, 1.580357E+03, -5.907446E+01, 75.029132, 118.620125, 90.000000
 31844.10277778, 1.537681E+03, -5.971867E+01, 78.525058, 117.075744, 90.000000
 31844.10347222, 1.494821E+03, -6.026093E+01, 82.223120, 115.488830, 90.000000
 31844.10416667, 1.451828E+03, -6.068903E+01, 86.111095, 113.859219, 90.000000
 31844.10486111, 1.408756E+03, -6.099096E+01, 90.169088, 112.186749, 90.000000
 31844.10555556, 1.365664E+03, -6.115532E+01, 94.369252, 110.471268, 90.000000
 31844.10625000, 1.322612E+03, -6.117191E+01, 98.676300, 108.712647, 90.000000
 31844.10694444, 1.279665E+03, -6.103223E+01, 103.048932, 106.910788, 90.000000
 31844.10763889, 1.236890E+03, -6.072993E+01, 107.442090, 105.065639, 90.000000
 31844.10833333, 1.194358E+03, -6.026108E+01, 111.809793, 103.177215, 90.000000
 31844.10902778, 1.152144E+03, -5.962427E+01, 116.108112, 101.245609, 90.000000
 31844.10972222, 1.110323E+03, -5.882049E+01, 120.297828, 99.271017, 90.000000
 31844.11041667, 1.068977E+03, -5.785285E+01, 124.346399, 97.253764, 90.000000
 31844.11111111, 1.028185E+03, -5.672619E+01, 128.229025, 95.194326, 90.000000
 31844.11180556, 9.880324E+02, -5.544661E+01, 131.928845, 93.093374, 90.000000
 31844.11250000, 9.486043E+02, -5.402108E+01, 135.436404, 90.951801, 90.000000
 31844.11319444, 9.099874E+02, -5.245699E+01, 138.748645, 88.770777, 90.000000
 31844.11388889, 8.722701E+02, -5.076191E+01, 141.867676, 86.551791, 90.000000
 31844.11458333, 8.355420E+02, -4.894335E+01, 144.799497, 84.296715, 90.000000
 31844.11527778, 7.998946E+02, -4.700861E+01, 147.552833, 82.007864, 90.000000
 31844.11597222, 7.654214E+02, -4.496474E+01, 150.138145, 79.688064, 90.000000
 31844.11666667, 7.322193E+02, -4.281849E+01, 152.566837, 77.340729, 90.000000
 31844.11736111, 7.003896E+02, -4.057640E+01, 154.850667, 74.969931, 90.000000
 31844.11805556, 6.700394E+02, -3.824477E+01, 157.001324, 72.580478, 90.000000
 31844.11875000, 6.412828E+02, -3.582979E+01, 159.030149, 70.177985, 90.000000
 31844.11944444, 6.142429E+02, -3.333756E+01, 160.947975, 67.768938, 90.000000
 31844.12013889, 5.890521E+02, -3.077419E+01, 162.765050, 65.360756, 90.000000
 31844.12083333, 5.658528E+02, -2.814584E+01, 164.491023, 62.961833, 90.000000
 31844.12152778, 5.447959E+02, -2.545873E+01, 166.134982, 60.581580, 90.000000
 31844.12222222, 5.260396E+02, -2.271920E+01, 167.705512, 58.230448, 90.000000
 31844.12291667, 5.097448E+02, -1.993369E+01, 169.210773, 55.919949, 90.000000
 31844.12361111, 4.960707E+02, -1.710876E+01, 170.658582, 53.662661, 90.000000
 31844.12430556, 4.851685E+02, -1.425104E+01, 172.056489, 51.472228, 90.000000
 31844.12500000, 4.771738E+02, -1.136722E+01, 173.411846, 49.363343, 90.000000
 31844.12569444, 4.722004E+02, -8.464035E+00, 174.731858, 47.351706, 90.000000
 31844.12638889, 4.703327E+02, -5.548231E+00, 176.023616, 45.453929, 90.000000
 31844.12708333, 4.716214E+02, -2.626528E+00, 177.294119, 43.687365, 90.000000
 31844.12777778, 4.760799E+02, 2.943930E-01, 178.550276, 42.069824, 90.000000
 31844.12847222, 4.836831E+02, 3.207927E+00, 179.798904, 40.619129, 90.000000
 31844.12916667, 4.943693E+02, 6.107572E+00, 181.046723, 39.352487, 90.000000
 31844.12986111, 5.080436E+02, 8.986964E+00, 182.300350, 38.285675, 90.000000
 31844.13055556, 5.245832E+02, 1.183992E+01, 183.566308, 37.432085, 90.000000
 31844.13125000, 5.438434E+02, 1.466046E+01, 184.851042, 36.801722, 90.000000
 31844.13194444, 5.656648E+02, 1.744287E+01, 186.160949, 36.400302, 90.000000
 31844.13263889, 5.898792E+02, 2.018173E+01, 187.502424, 36.228622, 90.000000
 31844.13333333, 6.163151E+02, 2.287191E+01, 188.881913, 36.282346, 90.000000
 31844.13402778, 6.448026E+02, 2.550862E+01, 190.305979, 36.552263, 90.000000
 31844.13472222, 6.751765E+02, 2.808738E+01, 191.781371, 37.024978, 90.000000
 31844.13541667, 7.072784E+02, 3.060403E+01, 193.315089, 37.683921, 90.000000
 31844.13611111, 7.409580E+02, 3.305464E+01, 194.914454, 38.510493, 90.000000
 31844.13680556, 7.760734E+02, 3.543553E+01, 196.587157, 39.485170, 90.000000
 31844.13750000, 8.124910E+02, 3.774319E+01, 198.341302, 40.588463, 90.000000
 31844.13819444, 8.500849E+02, 3.997417E+01, 200.185419, 41.801643, 90.000000
 31844.13888889, 8.887361E+02, 4.212508E+01, 202.128453, 43.107247, 90.000000
 31844.13958333, 9.283320E+02, 4.419249E+01, 204.179709, 44.489364, 90.000000
 31844.14027778, 9.687654E+02, 4.617284E+01, 206.348748, 45.933761, 90.000000
 31844.14097222, 1.009934E+03, 4.806242E+01, 208.645214, 47.427889, 90.000000
 31844.14166667, 1.051742E+03, 4.985729E+01, 211.078579, 48.960807, 90.000000
 31844.14236111, 1.094094E+03, 5.155329E+01, 213.657798, 50.523064, 90.000000
 31844.14305556, 1.136901E+03, 5.314596E+01, 216.390836, 52.106552, 90.000000
 31844.14375000, 1.180080E+03, 5.463065E+01, 219.284083, 53.704359, 90.000000
 31844.14444444, 1.223548E+03, 5.600251E+01, 222.341652, 55.310621, 90.000000
 31844.14513889, 1.267228E+03, 5.725662E+01, 225.564571, 56.920391, 90.000000
 31844.14583333, 1.311045E+03, 5.838813E+01, 228.949941, 58.529508, 90.000000
 31844.14652778, 1.354932E+03, 5.939247E+01, 232.490124, 60.134494, 90.000000
 31844.14722222, 1.398820E+03, 6.026561E+01, 236.172093, 61.732452, 90.000000
 31844.14791667, 1.442648E+03, 6.100430E+01, 239.977078, 63.320989, 90.000000
 31844.14861111, 1.486357E+03, 6.160636E+01, 243.880642, 64.898134, 90.000000
 31844.14930556, 1.529892E+03, 6.207097E+01, 247.853301, 66.462284, 90.000000
 31844.15000000, 1.573200E+03, 6.239886E+01, 251.861692, 68.012145, 90.000000
 31844.15069444, 1.616232E+03, 6.259239E+01, 255.870220, 69.546690, 90.000000
 31844.15138889, 1.658944E+03, 6.265559E+01, 259.842998, 71.065113, 90.000000
 31844.15208333, 1.701292E+03, 6.259401E+01, 263.745819, 72.566805, 90.000000
 31844.15277778, 1.743236E+03, 6.241454E+01, 267.547910, 74.051314, 90.000000
 31844.15347222, 1.784739E+03, 6.212506E+01, 271.223243, 75.518330, 90.000000
 31844.15416667, 1.825767E+03, 6.173417E+01, 274.751313, 76.967655, 90.000000
 31844.15486111, 1.866287E+03, 6.125078E+01, 278.117355, 78.399193, 90.000000
 31844.15555556, 1.906268E+03, 6.068390E+01, 281.312099, 79.812927, 90.000000
 31844.15625000, 1.945682E+03, 6.004230E+01, 284.331187, 81.208909, 90.000000
 31844.15694444, 1.984503E+03, 5.933438E+01, 287.174400, 82.587250, 90.000000
 31844.15763889, 2.022706E+03, 5.856800E+01, 289.844808, 83.948106, 90.000000
 31844.15833333, 2.060269E+03, 5.775039E+01, 292.347957, 85.291671, 90.000000
 31844.15902778, 2.097169E+03, 5.688816E+01, 294.691132, 86.618173, 90.000000
 31844.15972222, 2.133387E+03, 5.598724E+01, 296.882734, 87.927860, 90.000000
 31844.16041667, 2.168904E+03, 5.505292E+01, 298.931787, 89.221004, 90.000000
 31844.16111111, 2.203703E+03, 5.408992E+01, 300.847546, 90.497886, 90.000000
 31844.16180556, 2.237767E+03, 5.310236E+01, 302.639221, 91.758803, 90.000000
 31844.16250000, 2.271081E+03, 5.209389E+01, 304.315774, 93.004053, 90.000000
 31844.16319444, 2.303631E+03, 5.106768E+01, 305.885780, 94.233942, 90.000000
 31844.16388889, 2.335404E+03, 5.002649E+01, 307.357356, 95.448774, 90.000000
 31844.16458333, 2.366387E+03, 4.897273E+01, 308.738105, 96.648854, 90.000000
 31844.16527778, 2.396569E+03, 4.790849E+01, 310.035106, 97.834483, 90.000000
 31844.16597222, 2.425939E+03, 4.683556E+01, 311.254915, 99.005956, 90.000000
 31844.16666667, 2.454486E+03, 4.575549E+01, 312.403583, 100.163563, 90.000000
 31844.16736111, 2.482202E+03, 4.466963E+01, 313.486676, 101.307585, 90.000000
 31844.16805556, 2.509078E+03, 4.357912E+01, 314.509306, 102.438294, 90.000000
 31844.16875000, 2.535104E+03, 4.248493E+01, 315.476163, 103.555954, 90.000000
 31844.16944444, 2.560275E+03, 4.138790E+01, 316.391546, 104.660816, 90.000000
 31844.17013889, 2.584582E+03, 4.028874E+01, 317.259397, 105.753119, 90.000000
 31844.17083333, 2.608018E+03, 3.918805E+01, 318.083327, 106.833090, 90.000000
 31844.17152778, 2.630579E+03, 3.808632E+01, 318.866651, 107.900944, 90.000000
 31844.17222222, 2.652257E+03, 3.698398E+01, 319.612408, 108.956879, 90.000000
 31844.17291667, 2.673047E+03, 3.588135E+01, 320.323391, 110.001081, 90.000000
 31844.17361111, 2.692945E+03, 3.477871E+01, 321.002170, 111.033719, 90.000000
 31844.17430556, 2.711945E+03, 3.367629E+01, 321.651109, 112.054947, 90.000000
 31844.17500000, 2.730044E+03, 3.257424E+01, 322.272390, 113.064901, 90.000000
 31844.17569444, 2.747237E+03, 3.147270E+01, 322.868025, 114.063700, 90.000000
 31844.17638889, 2.763521E+03, 3.037173E+01, 323.439879, 115.051444, 90.000000
 31844.17708333, 2.778892E+03, 2.927140E+01, 323.989677, 116.028216, 90.000000
 31844.17777778, 2.793347E+03, 2.817172E+01, 324.519020, 116.994077, 90.000000
 31844.17847222, 2.806883E+03, 2.707269E+01, 325.029399, 117.949068, 90.000000
 31844.17916667, 2.819497E+03, 2.597426E+01, 325.522202, 118.893208, 90.000000
 31844.17986111, 2.831187E+03, 2.487639E+01, 325.998726, 119.826494, 90.000000
 31844.18055556, 2.841951E+03, 2.377900E+01, 326.460184, 120.748898, 90.000000
 31844.18125000, 2.851786E+03, 2.268201E+01, 326.907714, 121.660368, 90.000000
 31844.18194444, 2.860691E+03, 2.158530E+01, 327.342387, 122.560824, 90.000000
 31844.18263889, 2.868665E+03, 2.048877E+01, 327.765212, 123.450162, 90.000000
 31844.18333333, 2.875704E+03, 1.939228E+01, 328.177142, 124.328245, 90.000000
 31844.18402778, 2.881810E+03, 1.829569E+01, 328.579081, 125.194907, 90.000000
 31844.18472222, 2.886979E+03, 1.719886E+01, 328.971888, 126.049949, 90.000000
 31844.18541667, 2.891212E+03, 1.610162E+01, 329.356382, 126.893140, 90.000000
 31844.18611111, 2.894507E+03, 1.500380E+01, 329.733345, 127.724211, 90.000000
 31844.18680556, 2.896864E+03, 1.390523E+01, 330.103530, 128.542856, 90.000000
 31844.18750000, 2.898283E+03, 1.280574E+01, 330.467660, 129.348728, 90.000000
 31844.18819444, 2.898763E+03, 1.170513E+01, 330.826432, 130.141439, 90.000000
 31844.18888889, 2.898304E+03, 1.060321E+01, 331.180525, 130.920556, 90.000000
 31844.18958333, 2.896906E+03, 9.499784E+00, 331.530597, 131.685599, 90.000000
 31844.19027778, 2.894569E+03, 8.394651E+00, 331.877291, 132.436039, 90.000000
 31844.19097222, 2.891293E+03, 7.287603E+00, 332.221241, 133.171297, 90.000000
 31844.19166667, 2.887080E+03, 6.178432E+00, 332.563067, 133.890737, 90.000000
 31844.19236111, 2.881929E+03, 5.066922E+00, 332.903385, 134.593669, 90.000000
 31844.19305556, 2.875842E+03, 3.952857E+00, 333.242805, 135.279344, 90.000000
 31844.19375000, 2.868819E+03, 2.836016E+00, 333.581936, 135.946952, 90.000000
 31844.19444444, 2.860862E+03, 1.716176E+00, 333.921389, 136.595619, 90.000000
 31844.19513889, 2.851972E+03, 5.931121E-01, 334.261778, 137.224410, 90.000000
 31844.19583333, 2.842151E+03, -5.334035E-01, 334.603722, 137.832321, 90.000000
 31844.19652778, 2.831400E+03, -1.663601E+00, 334.947851, 138.418284, 90.000000
 31844.19722222, 2.819722E+03, -2.797710E+00, 335.294807, 138.981164, 90.000000
 31844.19791667, 2.807119E+03, -3.935965E+00, 335.645245, 139.519760, 90.000000
 31844.19861111, 2.793592E+03, -5.078598E+00, 335.999841, 140.032808, 90.000000
 31844.19930556, 2.779145E+03, -6.225843E+00, 336.359289, 140.518981, 90.000000
 31844.20000000, 2.763782E+03, -7.377934E+00, 336.724312, 140.976894, 90.000000
 31844.20069444, 2.747504E+03, -8.535105E+00, 337.095659, 141.405107, 90.000000
 31844.20138889, 2.730316E+03, -9.697586E+00, 337.474112, 141.802136, 90.000000
 31844.20208333, 2.712221E+03, -1.086561E+01, 337.860492, 142.166453, 90.000000
 31844.20277778, 2.693224E+03, -1.203940E+01, 338.255661, 142.496504, 90.000000
 31844.20347222, 2.673329E+03, -1.321919E+01, 338.660530, 142.790709, 90.000000
 31844.20416667, 2.652541E+03, -1.440518E+01, 339.076061, 143.047484, 90.000000
 31844.20486111, 2.630866E+03, -1.559760E+01, 339.503278, 143.265247, 90.000000
 31844.20555556, 2.608309E+03, -1.679666E+01, 339.943273, 143.442434, 90.000000
 31844.20625000, 2.584876E+03, -1.800254E+01, 340.397209, 143.577516, 90.000000
 31844.20694444, 2.560574E+03, -1.921543E+01, 340.866338, 143.669010, 90.000000
 31844.20763889, 2.535411E+03, -2.043552E+01, 341.352001, 143.715497, 90.000000
 31844.20833333, 2.509393E+03, -2.166294E+01, 341.855648, 143.715638, 90.000000
 31844.20902778, 2.482530E+03, -2.289785E+01, 342.378844, 143.668182, 90.000000
 31844.20972222, 2.454829E+03, -2.414035E+01, 342.923286, 143.571984, 90.000000
 31844.21041667, 2.426302E+03, -2.539054E+01, 343.490819, 143.426013, 90.000000
 31844.21111111, 2.396957E+03, -2.664847E+01, 344.083452, 143.229356, 90.000000
 31844.21180556, 2.366807E+03, -2.791416E+01, 344.703380, 142.981233, 90.000000
 31844.21250000, 2.335862E+03, -2.918759E+01, 345.353008, 142.680987, 90.000000
 31844.21319444, 2.304136E+03, -3.046869E+01, 346.034973, 142.328095, 90.000000
 31844.21388889, 2.271642E+03, -3.175731E+01, 346.752177, 141.922157, 90.000000
 31844.21458333, 2.238394E+03, -3.305325E+01, 347.507822, 141.462894, 90.000000
 31844.21527778, 2.204408E+03, -3.435622E+01, 348.305442, 140.950137, 90.000000
 31844.21597222, 2.169701E+03, -3.566583E+01, 349.148954, 140.383820, 90.000000
 31844.21666667, 2.134289E+03, -3.698157E+01, 350.042700, 139.763968, 90.000000
 31844.21736111, 2.098192E+03, -3.830279E+01, 350.991510, 139.090680, 90.000000
 31844.21805556, 2.061430E+03, -3.962870E+01, 352.000756, 138.364122, 90.000000
 31844.21875000, 2.024024E+03, -4.095828E+01, 353.076429, 137.584509, 90.000000
 31844.21944444, 1.985997E+03, -4.229032E+01, 354.225213, 136.752092, 90.000000
 31844.22013889, 1.947373E+03, -4.362332E+01, 355.454571, 135.867149, 90.000000
 31844.22083333, 1.908177E+03, -4.495549E+01, 356.772837, 134.929969, 90.000000
 31844.22152778, 1.868437E+03, -4.628465E+01, 358.189311, 133.940845, 90.000000
 31844.22222222, 1.828181E+03, -4.760817E+01, 359.714358, 132.900062, 90.000000
 31844.22291667, 1.787441E+03, -4.892293E+01,  1.359498, 131.807892, 90.000000
 31844.22361111, 1.746248E+03, -5.022518E+01,  3.137485, 130.664585, 90.000000
 31844.22430556, 1.704637E+03, -5.151046E+01,  5.062349, 129.470368, 90.000000
 31844.22500000, 1.662645E+03, -5.277346E+01,  7.149391, 128.225439, 90.000000
 31844.22569444, 1.620310E+03, -5.400793E+01,  9.415084, 126.929966, 90.000000
 31844.22638889, 1.577673E+03, -5.520648E+01, 11.876849, 125.584092, 90.000000
 31844.22708333, 1.534777E+03, -5.636047E+01, 14.552636, 124.187929, 90.000000
 31844.22777778, 1.491669E+03, -5.745984E+01, 17.460238, 122.741568, 90.000000
 31844.22847222, 1.448396E+03, -5.849303E+01, 20.616265, 121.245082, 90.000000
 31844.22916667, 1.405010E+03, -5.944692E+01, 24.034692, 119.698533, 90.000000
 31844.22986111, 1.361565E+03, -6.030685E+01, 27.724962, 118.101979, 90.000000
 31844.23055556, 1.318120E+03, -6.105679E+01, 31.689660, 116.455484, 90.000000
 31844.23125000, 1.274734E+03, -6.167975E+01, 35.921973, 114.759131, 90.000000
 31844.23194444, 1.231473E+03, -6.215830E+01, 40.403278, 113.013033, 90.000000
 31844.23263889, 1.188405E+03, -6.247544E+01, 45.101434, 111.217346, 90.000000
 31844.23333333, 1.145603E+03, -6.261553E+01, 49.970435, 109.372292, 90.000000
 31844.23402778, 1.103143E+03, -6.256540E+01, 54.951967, 107.478166, 90.000000
 31844.23472222, 1.061107E+03, -6.231520E+01, 59.979048, 105.535367, 90.000000
 31844.23541667, 1.019579E+03, -6.185915E+01, 64.981330, 103.544412, 90.000000
 31844.23611111, 9.786501E+02, -6.119572E+01, 69.891084, 101.505965, 90.000000
 31844.23680556, 9.384149E+02, -6.032751E+01, 74.648657, 99.420861, 90.000000
 31844.23750000, 8.989723E+02, -5.926061E+01, 79.206368, 97.290139, 90.000000
 31844.23819444, 8.604256E+02, -5.800383E+01, 83.530339, 95.115070, 90.000000
 31844.23888889, 8.228823E+02, -5.656781E+01, 87.600368, 92.897202, 90.000000
 31844.23958333, 7.864535E+02, -5.496423E+01, 91.408370, 90.638390, 90.000000
 31844.24027778, 7.512539E+02, -5.320511E+01, 94.956017, 88.340845, 90.000000
 31844.24097222, 7.174016E+02, -5.130237E+01, 98.252195, 86.007180, 90.000000
 31844.24166667, 6.850178E+02, -4.926754E+01, 101.310645, 83.640454, 90.000000
 31844.24236111, 6.542262E+02, -4.711158E+01, 104.148013, 81.244225, 90.000000
 31844.24305556, 6.251535E+02, -4.484486E+01, 106.782352, 78.822591, 90.000000
 31844.24375000, 5.979290E+02, -4.247720E+01, 109.232069, 76.380239, 90.000000
 31844.24444444, 5.726841E+02, -4.001794E+01, 111.515213, 73.922477, 90.000000
 31844.24513889, 5.495524E+02, -3.747602E+01, 113.649053, 71.455269, 90.000000
 31844.24583333, 5.286684E+02, -3.486009E+01, 115.649851, 68.985256, 90.000000
 31844.24652778, 5.101659E+02, -3.217859E+01, 117.532772, 66.519767, 90.000000
 31844.24722222, 4.941767E+02, -2.943980E+01, 119.311887, 64.066833, 90.000000
 31844.24791667, 4.808266E+02, -2.665187E+01, 121.000216, 61.635189, 90.000000
 31844.24861111, 4.702321E+02, -2.382284E+01, 122.609802, 59.234288, 90.000000
 31844.24930556, 4.624959E+02, -2.096064E+01, 124.151793, 56.874313, 90.000000
 31844.25000000, 4.577017E+02, -1.807306E+01, 125.636515, 54.566209, 90.000000
 31844.25069444, 4.559100E+02, -1.516771E+01, 127.073534, 52.321719, 90.000000
 31844.25138889, 4.571539E+02, -1.225201E+01, 128.471716, 50.153427, 90.000000
 31844.25208333, 4.614359E+02, -9.333141E+00, 129.839271, 48.074794, 90.000000
 31844.25277778, 4.687274E+02, -6.418029E+00, 131.183792, 46.100162, 90.000000
 31844.25347222, 4.789688E+02, -3.513313E+00, 132.512296, 44.244697, 90.000000
 31844.25416667, 4.920720E+02, -6.253360E-01, 133.831273, 42.524233, 90.000000
 31844.25486111, 5.079250E+02, 2.239871E+00, 135.146734, 40.954982, 90.000000
 31844.25555556, 5.263961E+02, 5.076598E+00, 136.464270, 39.553072, 90.000000
 31844.25625000, 5.473408E+02, 7.879469E+00, 137.789126, 38.333903, 90.000000
 31844.25694444, 5.706065E+02, 1.064345E+01, 139.126274, 37.311335, 90.000000
 31844.25763889, 5.960383E+02, 1.336386E+01, 140.480490, 36.496761, 90.000000
 31844.25833333, 6.234831E+02, 1.603637E+01, 141.856439, 35.898195, 90.000000
