 MJD, Altitude, Latitude, Longitude, SPS, Alpha
 31844.00000000, 9.590000E+01, 0.000000E+00, 223.942534, 41.454815, 90.000000
 31844.00069444, 9.770626E+01, 3.438804E+00, 225.645396, 39.555298, 90.000000
 31844.00138889, 1.033232E+02, 6.864038E+00, 227.323891, 37.949190, 90.000000
 31844.00208333, 1.129864E+02, 1.026566E+01, 228.989885, 36.668006, 90.000000
 31844.00277778, 1.268289E+02, 1.363399E+01, 230.656386, 35.736058, 90.000000
 31844.00347222, 1.448684E+02, 1.695958E+01, 232.337296, 35.167677, 90.000000
 31844.00416667, 1.670104E+02, 2.023308E+01, 234.047124, 34.965135, 90.000000
 31844.00486111, 1.930635E+02, 2.344513E+01, 235.800711, 35.117950, 90.000000
 31844.00555556, 2.227640E+02, 2.658642E+01, 237.613020, 35.603918, 90.000000
 31844.00625000, 2.558032E+02, 2.964777E+01, 239.499021, 36.391668, 90.000000
 31844.00694444, 2.918528E+02, 3.262020E+01, 241.473658, 37.444064, 90.000000
 31844.00763889, 3.305862E+02, 3.549506E+01, 243.551889, 38.721667, 90.000000
 31844.00833333, 3.716931E+02, 3.826409E+01, 245.748756, 40.185619, 90.000000
 31844.00902778, 4.148876E+02, 4.091942E+01, 248.079442, 41.799673, 90.000000
 31844.00972222, 4.599114E+02, 4.345356E+01, 250.559252, 43.531359, 90.000000
 31844.01041667, 5.065335E+02, 4.585926E+01, 253.203491, 45.352466, 90.000000
 31844.01111111, 5.545469E+02, 4.812941E+01, 256.027147, 47.239032, 90.000000
 31844.01180556, 6.037653E+02, 5.025695E+01, 259.044352, 49.171061, 90.000000
 31844.01250000, 6.540191E+02, 5.223474E+01, 262.267566, 51.132088, 90.000000
 31844.01319444, 7.051521E+02, 5.405554E+01, 265.706443, 53.108700, 90.000000
 31844.01388889, 7.570188E+02, 5.571209E+01, 269.366392, 55.090066, 90.000000
 31844.01458333, 8.094828E+02, 5.719729E+01, 273.246903, 57.067514, 90.000000
 31844.01527778, 8.624158E+02, 5.850446E+01, 277.339800, 59.034152, 90.000000
 31844.01597222, 9.156966E+02, 5.962783E+01, 281.627687, 60.984548, 90.000000
 31844.01666667, 9.692106E+02, 6.056301E+01, 286.082958, 62.914467, 90.000000
 31844.01736111, 1.022851E+03, 6.130759E+01, 290.667773, 64.820647, 90.000000
 31844.01805556, 1.076516E+03, 6.186166E+01, 295.335293, 66.700619, 90.000000
 31844.01875000, 1.130111E+03, 6.222816E+01, 300.032259, 68.552558, 90.000000
 31844.01944444, 1.183551E+03, 6.241303E+01, 304.702625, 70.375163, 90.000000
 31844.02013889, 1.236752E+03, 6.242509E+01, 309.291698, 72.167562, 90.000000
 31844.02083333, 1.289641E+03, 6.227560E+01, 313.750027, 73.929224, 90.000000
 31844.02152778, 1.342149E+03, 6.197767E+01, 318.036400, 75.659902, 90.000000
 31844.02222222, 1.394212E+03, 6.154556E+01, 322.119554, 77.359572, 90.000000
 31844.02291667, 1.445772E+03, 6.099397E+01, 325.978573, 79.028392, 90.000000
 31844.02361111, 1.496776E+03, 6.033742E+01, 329.602186, 80.666666, 90.000000
 31844.02430556, 1.547176E+03, 5.958982E+01, 332.987370, 82.274811, 90.000000
 31844.02500000, 1.596928E+03, 5.876406E+01, 336.137618, 83.853334, 90.000000
 31844.02569444, 1.645990E+03, 5.787188E+01, 339.061198, 85.402811, 90.000000
 31844.02638889, 1.694326E+03, 5.692377E+01, 341.769586, 86.923868, 90.000000
 31844.02708333, 1.741901E+03, 5.592897E+01, 344.276172, 88.417168, 90.000000
 31844.02777778, 1.788686E+03, 5.489555E+01, 346.595259, 89.883399, 90.000000
 31844.02847222, 1.834651E+03, 5.383046E+01, 348.741329, 91.323264, 90.000000
 31844.02916667, 1.879770E+03, 5.273967E+01, 350.728549, 92.737472, 90.000000
 31844.02986111, 1.924020E+03, 5.162829E+01, 352.570436, 94.126734, 90.000000
 31844.03055556, 1.967379E+03, 5.050064E+01, 354.279676, 95.491752, 90.000000
 31844.03125000, 2.009827E+03, 4.936039E+01, 355.868022, 96.833223, 90.000000
 31844.03194444, 2.051346E+03, 4.821062E+01, 357.346273, 98.151827, 90.000000
 31844.03263889, 2.091917E+03, 4.705394E+01, 358.724283, 99.448227, 90.000000
 31844.03333333, 2.131527E+03, 4.589253E+01,  0.011009, 100.723070, 90.000000
 31844.03402778, 2.170160E+03, 4.472819E+01,  1.214562, 101.976981, 90.000000
 31844.03472222, 2.207804E+03, 4.356243E+01,  2.342279, 103.210562, 90.000000
 31844.03541667, 2.244447E+03, 4.239651E+01,  3.400788, 104.424392, 90.000000
 31844.03611111, 2.280077E+03, 4.123145E+01,  4.396072, 105.619027, 90.000000
 31844.03680556, 2.314684E+03, 4.006808E+01,  5.333536, 106.794995, 90.000000
 31844.03750000, 2.348258E+03, 3.890709E+01,  6.218064, 107.952803, 90.000000
 31844.03819444, 2.380792E+03, 3.774900E+01,  7.054072, 109.092928, 90.000000
 31844.03888889, 2.412276E+03, 3.659423E+01,  7.845562, 110.215823, 90.000000
 31844.03958333, 2.442705E+03, 3.544312E+01,  8.596160, 111.321914, 90.000000
 31844.04027778, 2.472070E+03, 3.429588E+01,  9.309161, 112.411600, 90.000000
 31844.04097222, 2.500366E+03, 3.315269E+01,  9.987563, 113.485254, 90.000000
 31844.04166667, 2.527588E+03, 3.201363E+01, 10.634097, 114.543220, 90.000000
 31844.04236111, 2.553729E+03, 3.087877E+01, 11.251259, 115.585818, 90.000000
 31844.04305556, 2.578785E+03, 2.974809E+01, 11.841332, 116.613337, 90.000000
 31844.04375000, 2.602752E+03, 2.862156E+01, 12.406408, 117.626041, 90.000000
 31844.04444444, 2.625626E+03, 2.749910E+01, 12.948412, 118.624163, 90.000000
 31844.04513889, 2.647403E+03, 2.638062E+01, 13.469116, 119.607911, 90.000000
 31844.04583333, 2.668080E+03, 2.526598E+01, 13.970156, 120.577462, 90.000000
 31844.04652778, 2.687654E+03, 2.415505E+01, 14.453044, 121.532962, 90.000000
 31844.04722222, 2.706121E+03, 2.304765E+01, 14.919186, 122.474529, 90.000000
 31844.04791667, 2.723480E+03, 2.194360E+01, 15.369887, 123.402251, 90.000000
 31844.04861111, 2.739728E+03, 2.084272E+01, 15.806365, 124.316181, 90.000000
 31844.04930556, 2.754863E+03, 1.974478E+01, 16.229758, 125.216342, 90.000000
 31844.05000000, 2.768883E+03, 1.864958E+01, 16.641134, 126.102723, 90.000000
 31844.05069444, 2.781786E+03, 1.755689E+01, 17.041496, 126.975277, 90.000000
 31844.05138889, 2.793571E+03, 1.646648E+01, 17.431792, 127.833922, 90.000000
 31844.05208333, 2.804236E+03, 1.537811E+01, 17.812917, 128.678538, 90.000000
 31844.05277778, 2.813781E+03, 1.429153E+01, 18.185721, 129.508968, 90.000000
 31844.05347222, 2.822204E+03, 1.320649E+01, 18.551015, 130.325012, 90.000000
 31844.05416667, 2.829504E+03, 1.212274E+01, 18.909571, 131.126428, 90.000000
 31844.05486111, 2.835681E+03, 1.104002E+01, 19.262134, 131.912933, 90.000000
 31844.05555556, 2.840733E+03, 9.958068E+00, 19.609416, 132.684195, 90.000000
 31844.05625000, 2.844660E+03, 8.876618E+00, 19.952110, 133.439836, 90.000000
 31844.05694444, 2.847462E+03, 7.795403E+00, 20.290886, 134.179427, 90.000000
 31844.05763889, 2.849138E+03, 6.714150E+00, 20.626398, 134.902489, 90.000000
 31844.05833333, 2.849688E+03, 5.632587E+00, 20.959285, 135.608489, 90.000000
 31844.05902778, 2.849112E+03, 4.550437E+00, 21.290175, 136.296836, 90.000000
 31844.05972222, 2.847409E+03, 3.467423E+00, 21.619690, 136.966883, 90.000000
 31844.06041667, 2.844581E+03, 2.383263E+00, 21.948443, 137.617925, 90.000000
 31844.06111111, 2.840626E+03, 1.297677E+00, 22.277049, 138.249193, 90.000000
 31844.06180556, 2.835545E+03, 2.103802E-01, 22.606120, 138.859858, 90.000000
 31844.06250000, 2.829339E+03, -8.789141E-01, 22.936273, 139.449026, 90.000000
 31844.06319444, 2.822008E+03, -1.970493E+00, 23.268130, 140.015741, 90.000000
 31844.06388889, 2.813552E+03, -3.064646E+00, 23.602322, 140.558983, 90.000000
 31844.06458333, 2.803973E+03, -4.161664E+00, 23.939493, 141.077668, 90.000000
 31844.06527778, 2.793270E+03, -5.261840E+00, 24.280300, 141.570652, 90.000000
 31844.06597222, 2.781446E+03, -6.365466E+00, 24.625420, 142.036729, 90.000000
 31844.06666667, 2.768501E+03, -7.472838E+00, 24.975551, 142.474642, 90.000000
 31844.06736111, 2.754436E+03, -8.584250E+00, 25.331416, 142.883079, 90.000000
 31844.06805556, 2.739254E+03, -9.699999E+00, 25.693767, 143.260682, 90.000000
 31844.06875000, 2.722955E+03, -1.082038E+01, 26.063392, 143.606058, 90.000000
 31844.06944444, 2.705542E+03, -1.194569E+01, 26.441114, 143.917780, 90.000000
 31844.07013889, 2.687016E+03, -1.307623E+01, 26.827802, 144.194400, 90.000000
 31844.07083333, 2.667380E+03, -1.421227E+01, 27.224370, 144.434460, 90.000000
 31844.07152778, 2.646637E+03, -1.535413E+01, 27.631792, 144.636503, 90.000000
 31844.07222222, 2.624789E+03, -1.650208E+01, 28.051098, 144.799084, 90.000000
 31844.07291667, 2.601840E+03, -1.765641E+01, 28.483391, 144.920784, 90.000000
 31844.07361111, 2.577792E+03, -1.881740E+01, 28.929850, 145.000223, 90.000000
 31844.07430556, 2.552651E+03, -1.998531E+01, 29.391740, 145.036074, 90.000000
 31844.07500000, 2.526420E+03, -2.116040E+01, 29.870423, 145.027073, 90.000000
 31844.07569444, 2.499104E+03, -2.234293E+01, 30.367370, 144.972032, 90.000000
 31844.07638889, 2.470708E+03, -2.353313E+01, 30.884173, 144.869849, 90.000000
 31844.07708333, 2.441237E+03, -2.473121E+01, 31.422562, 144.719515, 90.000000
 31844.07777778, 2.410699E+03, -2.593736E+01, 31.984420, 144.520124, 90.000000
 31844.07847222, 2.379099E+03, -2.715177E+01, 32.571801, 144.270869, 90.000000
 31844.07916667, 2.346446E+03, -2.837456E+01, 33.186955, 143.971053, 90.000000
 31844.07986111, 2.312746E+03, -2.960582E+01, 33.832348, 143.620078, 90.000000
 31844.08055556, 2.278011E+03, -3.084563E+01, 34.510697, 143.217447, 90.000000
 31844.08125000, 2.242248E+03, -3.209396E+01, 35.224994, 142.762758, 90.000000
 31844.08194444, 2.205470E+03, -3.335076E+01, 35.978549, 142.255691, 90.000000
 31844.08263889, 2.167686E+03, -3.461587E+01, 36.775027, 141.696002, 90.000000
 31844.08333333, 2.128911E+03, -3.588906E+01, 37.618502, 141.083509, 90.000000
 31844.08402778, 2.089158E+03, -3.716996E+01, 38.513504, 140.418080, 90.000000
 31844.08472222, 2.048443E+03, -3.845809E+01, 39.465087, 139.699622, 90.000000
 31844.08541667, 2.006781E+03, -3.975280E+01, 40.478896, 138.928062, 90.000000
 31844.08611111, 1.964191E+03, -4.105324E+01, 41.561252, 138.103340, 90.000000
 31844.08680556, 1.920692E+03, -4.235833E+01, 42.719235, 137.225392, 90.000000
 31844.08750000, 1.876305E+03, -4.366672E+01, 43.960787, 136.294140, 90.000000
 31844.08819444, 1.831055E+03, -4.497672E+01, 45.294823, 135.309480, 90.000000
 31844.08888889, 1.784965E+03, -4.628624E+01, 46.731346, 134.271272, 90.000000
 31844.08958333, 1.738064E+03, -4.759274E+01, 48.281570, 133.179331, 90.000000
 31844.09027778, 1.690382E+03, -4.889306E+01, 49.958037, 132.033420, 90.000000
 31844.09097222, 1.641950E+03, -5.018341E+01, 51.774728, 130.833245, 90.000000
 31844.09166667, 1.592805E+03, -5.145916E+01, 53.747139, 129.578448, 90.000000
 31844.09236111, 1.542984E+03, -5.271472E+01, 55.892300, 128.268605, 90.000000
 31844.09305556, 1.492530E+03, -5.394337E+01, 58.228703, 126.903228, 90.000000
 31844.09375000, 1.441488E+03, -5.513709E+01, 60.776073, 125.481757, 90.000000
 31844.09444444, 1.389908E+03, -5.628632E+01, 63.554922, 124.003569, 90.000000
 31844.09513889, 1.337843E+03, -5.737977E+01, 66.585770, 122.467980, 90.000000
 31844.09583333, 1.285352E+03, -5.840429E+01, 69.887946, 120.874246, 90.000000
 31844.09652778, 1.232498E+03, -5.934471E+01, 73.477852, 119.221575, 90.000000
 31844.09722222, 1.179351E+03, -6.018390E+01, 77.366635, 117.509133, 90.000000
 31844.09791667, 1.125985E+03, -6.090288E+01, 81.557311, 115.736054, 90.000000
 31844.09861111, 1.072481E+03, -6.148132E+01, 86.041597, 113.901459, 90.000000
 31844.09930556, 1.018927E+03, -6.189821E+01, 90.796937, 112.004465, 90.000000
 31844.10000000, 9.654182E+02, -6.213291E+01, 95.784512, 110.044210, 90.000000
 31844.10069444, 9.120550E+02, -6.216637E+01, 100.949120, 108.019876, 90.000000
 31844.10138889, 8.589462E+02, -6.198248E+01, 106.221608, 105.930715, 90.000000
 31844.10208333, 8.062070E+02, -6.156922E+01, 111.523959, 103.776089, 90.000000
 31844.10277778, 7.539593E+02, -6.091938E+01, 116.776261, 101.555509, 90.000000
 31844.10347222, 7.023307E+02, -6.003077E+01, 121.904089, 99.268691, 90.000000
 31844.10416667, 6.514542E+02, -5.890586E+01, 126.844684, 96.915624, 90.000000
 31844.10486111, 6.014671E+02, -5.755095E+01, 131.550744, 94.496656, 90.000000
 31844.10555556, 5.525104E+02, -5.597514E+01, 135.991513, 92.012599, 90.000000
 31844.10625000, 5.047280E+02, -5.418932E+01, 140.151592, 89.464859, 90.000000
 31844.10694444, 4.582669E+02, -5.220525E+01, 144.028322, 86.855597, 90.000000
 31844.10763889, 4.132785E+02, -5.003496E+01, 147.628600, 84.187912, 90.000000
 31844.10833333, 3.699206E+02, -4.769037E+01, 150.965785, 81.466053, 90.000000
 31844.10902778, 3.283616E+02, -4.518309E+01, 154.057082, 78.695650, 90.000000
 31844.10972222, 2.887861E+02, -4.252450E+01, 156.921524, 75.883949, 90.000000
 31844.11041667, 2.514024E+02, -3.972582E+01, 159.578575, 73.040030, 90.000000
 31844.11111111, 2.164495E+02, -3.679833E+01, 162.047243, 70.174998, 90.000000
 31844.11180556, 1.842041E+02, -3.375353E+01, 164.345621, 67.302103, 90.000000
 31844.11250000, 1.549845E+02, -3.060333E+01, 166.490725, 64.436786, 90.000000
 31844.11319444, 1.291486E+02, -2.736010E+01, 168.498553, 61.596623, 90.000000
 31844.11388889, 1.070855E+02, -2.403669E+01, 170.384266, 58.801185, 90.000000
 31844.11458333, 8.919762E+01, -2.064638E+01, 172.162417, 56.071813, 90.000000
 31844.11527778, 7.587603E+01, -1.720276E+01, 173.847174, 53.431358, 90.000000
 31844.11597222, 6.746902E+01, -1.371957E+01, 175.452475, 50.903901, 90.000000
 31844.11666667, 6.425010E+01, -1.021056E+01, 176.992097, 48.514478, 90.000000
 31844.11736111, 6.639006E+01, -6.689356E+00, 178.479609, 46.288774, 90.000000
 31844.11805556, 7.393847E+01, -3.169359E+00, 179.928248, 44.252731, 90.000000
 31844.11875000, 8.681811E+01, 3.363835E-01, 181.350747, 42.431940, 90.000000
 31844.11944444, 1.048333E+02, 3.815277E+00, 182.759150, 40.850725, 90.000000
 31844.12013889, 1.276896E+02, 7.255312E+00, 184.164689, 39.530851, 90.000000
 31844.12083333, 1.550214E+02, 1.064521E+01, 185.577726, 38.489912, 90.000000
 31844.12152778, 1.864214E+02, 1.397459E+01, 187.007785, 37.739623, 90.000000
 31844.12222222, 2.214681E+02, 1.723408E+01, 188.463668, 37.284361, 90.000000
 31844.12291667, 2.597484E+02, 2.041545E+01, 189.953627, 37.120334, 90.000000
 31844.12361111, 3.008723E+02, 2.351162E+01, 191.485570, 37.235657, 90.000000
 31844.12430556, 3.444825E+02, 2.651665E+01, 193.067275, 37.611366, 90.000000
 31844.12500000, 3.902572E+02, 2.942567E+01, 194.706590, 38.223158, 90.000000
 31844.12569444, 4.379093E+02, 3.223473E+01, 196.411604, 39.043482, 90.000000
 31844.12638889, 4.871834E+02, 3.494066E+01, 198.190782, 40.043573, 90.000000
 31844.12708333, 5.378517E+02, 3.754085E+01, 200.053053, 41.195155, 90.000000
 31844.12777778, 5.897090E+02, 4.003313E+01, 202.007857, 42.471666, 90.000000
 31844.12847222, 6.425694E+02, 4.241552E+01, 204.065130, 43.849010, 90.000000
 31844.12916667, 6.962625E+02, 4.468614E+01, 206.235233, 45.305899, 90.000000
 31844.12986111, 7.506311E+02, 4.684302E+01, 208.528815, 46.823919, 90.000000
 31844.13055556, 8.055292E+02, 4.888403E+01, 210.956578, 48.387386, 90.000000
 31844.13125000, 8.608212E+02, 5.080674E+01, 213.528951, 49.983116, 90.000000
 31844.13194444, 9.163802E+02, 5.260846E+01, 216.255640, 51.600136, 90.000000
 31844.13263889, 9.720882E+02, 5.428613E+01, 219.145039, 53.229386, 90.000000
 31844.13333333, 1.027835E+03, 5.583643E+01, 222.203499, 54.863451, 90.000000
 31844.13402778, 1.083519E+03, 5.725579E+01, 225.434470, 56.496296, 90.000000
 31844.13472222, 1.139045E+03, 5.854060E+01, 228.837549, 58.123053, 90.000000
 31844.13541667, 1.194326E+03, 5.968733E+01, 232.407509, 59.739823, 90.000000
 31844.13611111, 1.249281E+03, 6.069281E+01, 236.133438, 61.343514, 90.000000
 31844.13680556, 1.303835E+03, 6.155452E+01, 239.998141, 62.931705, 90.000000
 31844.13750000, 1.357921E+03, 6.227090E+01, 243.977970, 64.502527, 90.000000
 31844.13819444, 1.411475E+03, 6.284163E+01, 248.043246, 66.054568, 90.000000
 31844.13888889, 1.464442E+03, 6.326789E+01, 252.159335, 67.586795, 90.000000
 31844.13958333, 1.516768E+03, 6.355249E+01, 256.288335, 69.098482, 90.000000
 31844.14027778, 1.568405E+03, 6.369997E+01, 260.391213, 70.589157, 90.000000
 31844.14097222, 1.619311E+03, 6.371644E+01, 264.430081, 72.058557, 90.000000
 31844.14166667, 1.669445E+03, 6.360941E+01, 268.370326, 73.506585, 90.000000
 31844.14236111, 1.718771E+03, 6.338744E+01, 272.182274, 74.933283, 90.000000
 31844.14305556, 1.767257E+03, 6.305985E+01, 275.842251, 76.338804, 90.000000
 31844.14375000, 1.814871E+03, 6.263629E+01, 279.332976, 77.723387, 90.000000
 31844.14444444, 1.861588E+03, 6.212644E+01, 282.643386, 79.087343, 90.000000
 31844.14513889, 1.907381E+03, 6.153973E+01, 285.768021, 80.431035, 90.000000
 31844.14583333, 1.952229E+03, 6.088512E+01, 288.706160, 81.754870, 90.000000
 31844.14652778, 1.996111E+03, 6.017097E+01, 291.460858, 83.059287, 90.000000
 31844.14722222, 2.039007E+03, 5.940491E+01, 294.038001, 84.344745, 90.000000
 31844.14791667, 2.080900E+03, 5.859387E+01, 296.445453, 85.611721, 90.000000
 31844.14861111, 2.121776E+03, 5.774402E+01, 298.692343, 86.860702, 90.000000
 31844.14930556, 2.161619E+03, 5.686085E+01, 300.788486, 88.092176, 90.000000
 31844.15000000, 2.200417E+03, 5.594918E+01, 302.743952, 89.306635, 90.000000
 31844.15069444, 2.238159E+03, 5.501323E+01, 304.568737, 90.504567, 90.000000
 31844.15138889, 2.274832E+03, 5.405667E+01, 306.272544, 91.686456, 90.000000
 31844.15208333, 2.310429E+03, 5.308266E+01, 307.864636, 92.852777, 90.000000
 31844.15277778, 2.344939E+03, 5.209397E+01, 309.353746, 94.003995, 90.000000
 31844.15347222, 2.378354E+03, 5.109295E+01, 310.748035, 95.140566, 90.000000
 31844.15416667, 2.410669E+03, 5.008163E+01, 312.055073, 96.262933, 90.000000
 31844.15486111, 2.441874E+03, 4.906175E+01, 313.281851, 97.371525, 90.000000
 31844.15555556, 2.471966E+03, 4.803478E+01, 314.434797, 98.466759, 90.000000
 31844.15625000, 2.500938E+03, 4.700199E+01, 315.519810, 99.549038, 90.000000
 31844.15694444, 2.528786E+03, 4.596444E+01, 316.542292, 100.618747, 90.000000
 31844.15763889, 2.555504E+03, 4.492302E+01, 317.507182, 101.676260, 90.000000
 31844.15833333, 2.581089E+03, 4.387849E+01, 318.418999, 102.721933, 90.000000
 31844.15902778, 2.605537E+03, 4.283148E+01, 319.281873, 103.756106, 90.000000
 31844.15972222, 2.628845E+03, 4.178248E+01, 320.099580, 104.779103, 90.000000
 31844.16041667, 2.651009E+03, 4.073193E+01, 320.875576, 105.791235, 90.000000
 31844.16111111, 2.672028E+03, 3.968016E+01, 321.613026, 106.792791, 90.000000
 31844.16180556, 2.691899E+03, 3.862742E+01, 322.314829, 107.784048, 90.000000
 31844.16250000, 2.710619E+03, 3.757391E+01, 322.983649, 108.765265, 90.000000
 31844.16319444, 2.728187E+03, 3.651978E+01, 323.621931, 109.736681, 90.000000
 31844.16388889, 2.744600E+03, 3.546511E+01, 324.231929, 110.698521, 90.000000
 31844.16458333, 2.759858E+03, 3.440996E+01, 324.815717, 111.650992, 90.000000
 31844.16527778, 2.773959E+03, 3.335433E+01, 325.375214, 112.594280, 90.000000
 31844.16597222, 2.786901E+03, 3.229820E+01, 325.912192, 113.528555, 90.000000
 31844.16666667, 2.798684E+03, 3.124152E+01, 326.428296, 114.453968, 90.000000
 31844.16736111, 2.809306E+03, 3.018420E+01, 326.925053, 115.370648, 90.000000
 31844.16805556, 2.818767E+03, 2.912614E+01, 327.403884, 116.278706, 90.000000
 31844.16875000, 2.827066E+03, 2.806722E+01, 327.866115, 117.178230, 90.000000
 31844.16944444, 2.834202E+03, 2.700729E+01, 328.312985, 118.069288, 90.000000
 31844.17013889, 2.840175E+03, 2.594619E+01, 328.745656, 118.951924, 90.000000
 31844.17083333, 2.844984E+03, 2.488374E+01, 329.165220, 119.826157, 90.000000
 31844.17152778, 2.848629E+03, 2.381974E+01, 329.572706, 120.691983, 90.000000
 31844.17222222, 2.851109E+03, 2.275400E+01, 329.969084, 121.549370, 90.000000
 31844.17291667, 2.852426E+03, 2.168630E+01, 330.355275, 122.398258, 90.000000
 31844.17361111, 2.852577E+03, 2.061639E+01, 330.732155, 123.238559, 90.000000
 31844.17430556, 2.851563E+03, 1.954405E+01, 331.100557, 124.070151, 90.000000
 31844.17500000, 2.849385E+03, 1.846903E+01, 331.461279, 124.892880, 90.000000
 31844.17569444, 2.846042E+03, 1.739105E+01, 331.815087, 125.706557, 90.000000
 31844.17638889, 2.841534E+03, 1.630986E+01, 332.162719, 126.510955, 90.000000
 31844.17708333, 2.835862E+03, 1.522517E+01, 332.504889, 127.305805, 90.000000
 31844.17777778, 2.829026E+03, 1.413669E+01, 332.842289, 128.090797, 90.000000
 31844.17847222, 2.821027E+03, 1.304413E+01, 333.175595, 128.865572, 90.000000
 31844.17916667, 2.811864E+03, 1.194719E+01, 333.505469, 129.629725, 90.000000
 31844.17986111, 2.801539E+03, 1.084553E+01, 333.832560, 130.382796, 90.000000
 31844.18055556, 2.790052E+03, 9.738857E+00, 334.157511, 131.124267, 90.000000
 31844.18125000, 2.777404E+03, 8.626822E+00, 334.480960, 131.853562, 90.000000
 31844.18194444, 2.763597E+03, 7.509090E+00, 334.803540, 132.570039, 90.000000
 31844.18263889, 2.748631E+03, 6.385312E+00, 335.125891, 133.272987, 90.000000
 31844.18333333, 2.732507E+03, 5.255130E+00, 335.448650, 133.961621, 90.000000
 31844.18402778, 2.715227E+03, 4.118180E+00, 335.772467, 134.635079, 90.000000
 31844.18472222, 2.696793E+03, 2.974084E+00, 336.098000, 135.292413, 90.000000
 31844.18541667, 2.677207E+03, 1.822461E+00, 336.425921, 135.932592, 90.000000
 31844.18611111, 2.656470E+03, 6.629157E-01, 336.756919, 136.554486, 90.000000
 31844.18680556, 2.634586E+03, -5.049529E-01, 337.091706, 137.156874, 90.000000
 31844.18750000, 2.611557E+03, -1.681556E+00, 337.431017, 137.738430, 90.000000
 31844.18819444, 2.587385E+03, -2.867315E+00, 337.775619, 138.297725, 90.000000
 31844.18888889, 2.562075E+03, -4.062658E+00, 338.126311, 138.833220, 90.000000
 31844.18958333, 2.535630E+03, -5.268024E+00, 338.483935, 139.343267, 90.000000
 31844.19027778, 2.508054E+03, -6.483861E+00, 338.849375, 139.826107, 90.000000
 31844.19097222, 2.479352E+03, -7.710623E+00, 339.223569, 140.279870, 90.000000
 31844.19166667, 2.449529E+03, -8.948774E+00, 339.607514, 140.702574, 90.000000
 31844.19236111, 2.418591E+03, -1.019878E+01, 340.002273, 141.092137, 90.000000
 31844.19305556, 2.386544E+03, -1.146113E+01, 340.408984, 141.446372, 90.000000
 31844.19375000, 2.353395E+03, -1.273630E+01, 340.828873, 141.763004, 90.000000
 31844.19444444, 2.319152E+03, -1.402477E+01, 341.263262, 142.039676, 90.000000
 31844.19513889, 2.283825E+03, -1.532704E+01, 341.713584, 142.273965, 90.000000
 31844.19583333, 2.247421E+03, -1.664360E+01, 342.181395, 142.463396, 90.000000
 31844.19652778, 2.209952E+03, -1.797493E+01, 342.668395, 142.605462, 90.000000
 31844.19722222, 2.171430E+03, -1.932152E+01, 343.176446, 142.697643, 90.000000
 31844.19791667, 2.131867E+03, -2.068383E+01, 343.707590, 142.737428, 90.000000
 31844.19861111, 2.091277E+03, -2.206232E+01, 344.264084, 142.722342, 90.000000
 31844.19930556, 2.049675E+03, -2.345744E+01, 344.848421, 142.649963, 90.000000
 31844.20000000, 2.007080E+03, -2.486959E+01, 345.463372, 142.517950, 90.000000
 31844.20069444, 1.963509E+03, -2.629914E+01, 346.112023, 142.324062, 90.000000
 31844.20138889, 1.918982E+03, -2.774642E+01, 346.797826, 142.066179, 90.000000
 31844.20208333, 1.873523E+03, -2.921168E+01, 347.524653, 141.742315, 90.000000
 31844.20277778, 1.827155E+03, -3.069511E+01, 348.296866, 141.350629, 90.000000
 31844.20347222, 1.779906E+03, -3.219678E+01, 349.119394, 140.889438, 90.000000
 31844.20416667, 1.731805E+03, -3.371664E+01, 349.997825, 140.357210, 90.000000
 31844.20486111, 1.682883E+03, -3.525448E+01, 350.938521, 139.752573, 90.000000
 31844.20555556, 1.633175E+03, -3.680991E+01, 351.948747, 139.074295, 90.000000
 31844.20625000, 1.582719E+03, -3.838225E+01, 353.036828, 138.321286, 90.000000
 31844.20694444, 1.531556E+03, -3.997054E+01, 354.212335, 137.492574, 90.000000
 31844.20763889, 1.479730E+03, -4.157342E+01, 355.486301, 136.587293, 90.000000
 31844.20833333, 1.427290E+03, -4.318903E+01, 356.871482, 135.604668, 90.000000
 31844.20902778, 1.374287E+03, -4.481493E+01, 358.382655, 134.543989, 90.000000
 31844.20972222, 1.320777E+03, -4.644789E+01,  0.036958, 133.404602, 90.000000
 31844.21041667, 1.266821E+03, -4.808375E+01,  1.854273, 132.185887, 90.000000
 31844.21111111, 1.212483E+03, -4.971714E+01,  3.857640, 130.887250, 90.000000
 31844.21180556, 1.157834E+03, -5.134121E+01,  6.073650, 129.508107, 90.000000
 31844.21250000, 1.102948E+03, -5.294726E+01,  8.532797, 128.047886, 90.000000
 31844.21319444, 1.047906E+03, -5.452431E+01, 11.269640, 126.506017, 90.000000
 31844.21388889, 9.927933E+02, -5.605856E+01, 14.322614, 124.881944, 90.000000
 31844.21458333, 9.377024E+02, -5.753282E+01, 17.733208, 123.175129, 90.000000
 31844.21527778, 8.827319E+02, -5.892592E+01, 21.544058, 121.385073, 90.000000
 31844.21597222, 8.279875E+02, -6.021219E+01, 25.795437, 119.511331, 90.000000
 31844.21666667, 7.735824E+02, -6.136119E+01, 30.519546, 117.553547, 90.000000
 31844.21736111, 7.196382E+02, -6.233788E+01, 35.732288, 115.511488, 90.000000
 31844.21805556, 6.662854E+02, -6.310375E+01, 41.423042, 113.385086, 90.000000
 31844.21875000, 6.136641E+02, -6.361893E+01, 47.544396, 111.174485, 90.000000
 31844.21944444, 5.619247E+02, -6.384557E+01, 54.005690, 108.880105, 90.000000
 31844.22013889, 5.112287E+02, -6.375195E+01, 60.674985, 106.502701, 90.000000
 31844.22083333, 4.617487E+02, -6.331643E+01, 67.392253, 104.043444, 90.000000
 31844.22152778, 4.136689E+02, -6.252996E+01, 73.991697, 101.503996, 90.000000
 31844.22222222, 3.671846E+02, -6.139637E+01, 80.326091, 98.886612, 90.000000
 31844.22291667, 3.225020E+02, -5.993047E+01, 86.284808, 96.194238, 90.000000
 31844.22361111, 2.798373E+02, -5.815482E+01, 91.800880, 93.430628, 90.000000
 31844.22430556, 2.394155E+02, -5.609629E+01, 96.847923, 90.600459, 90.000000
 31844.22500000, 2.014698E+02, -5.378327E+01, 101.431111, 87.709449, 90.000000
 31844.22569444, 1.662401E+02, -5.124375E+01, 105.576636, 84.764460, 90.000000
 31844.22638889, 1.339721E+02, -4.850438E+01, 109.322516, 81.773581, 90.000000
 31844.22708333, 1.049163E+02, -4.559015E+01, 112.711841, 78.746161, 90.000000
 31844.22777778, 7.932518E+01, -4.252448E+01, 115.788418, 75.692794, 90.000000
 31844.22847222, 5.744965E+01, -3.932940E+01, 118.594309, 72.625240, 90.000000
 31844.22916667, 3.953201E+01, -3.602587E+01, 121.168627, 69.556306, 90.000000
 31844.22986111, 2.579583E+01, -3.263388E+01, 123.547096, 66.499695, 90.000000
 31844.23055556, 1.643233E+01, -2.917254E+01, 125.762006, 63.469893, 90.000000
 31844.23125000, 1.158455E+01, -2.566009E+01, 127.842324, 60.482122, 90.000000
 31844.23194444, 1.133153E+01, -2.211376E+01, 129.813833, 57.552415, 90.000000
 31844.23263889, 1.567569E+01, -1.854972E+01, 131.699261, 54.697833, 90.000000
 31844.23333333, 2.453646E+01, -1.498299E+01, 133.518390, 51.936779, 90.000000
 31844.23402778, 3.775240E+01, -1.142743E+01, 135.288178, 49.289366, 90.000000
 31844.23472222, 5.509223E+01, -7.895767E+00, 137.022935, 46.777708, 90.000000
 31844.23541667, 7.627322E+01, -4.399645E+00, 138.734565, 44.426016, 90.000000
 31844.23611111, 1.009839E+02, -9.496558E-01, 140.432893, 42.260363, 90.000000
 31844.23680556, 1.289068E+02, 2.444614E+00, 142.126039, 40.308008, 90.000000
 31844.23750000, 1.597385E+02, 5.774572E+00, 143.820833, 38.596189, 90.000000
 31844.23819444, 1.932033E+02, 9.032621E+00, 145.523218, 37.150396, 90.000000
 31844.23888889, 2.290609E+02, 1.221215E+01, 147.238623, 35.992221, 90.000000
 31844.23958333, 2.671068E+02, 1.530751E+01, 148.972271, 35.137076, 90.000000
 31844.24027778, 3.071690E+02, 1.831397E+01, 150.729427, 34.592188, 90.000000
 31844.24097222, 3.491006E+02, 2.122763E+01, 152.515568, 34.355371, 90.000000
 31844.24166667, 3.927722E+02, 2.404532E+01, 154.336482, 34.414949, 90.000000
 31844.24236111, 4.380640E+02, 2.676449E+01, 156.198314, 34.750887, 90.000000
 31844.24305556, 4.848593E+02, 2.938305E+01, 158.107557, 35.336873, 90.000000
 31844.24375000, 5.330405E+02, 3.189928E+01, 160.071007, 36.142847, 90.000000