 MJD, Altitude, Latitude, Longitude, SPS, Alpha
 31844.00000000, 2.959000E+02, 0.000000E+00, 223.942534, 41.454815, 90.000000
 31844.00069444, 2.991155E+02, 3.479699E+00, 225.676692, 39.526234, 90.000000
 31844.00138889, 3.088728E+02, 6.941409E+00, 227.397597, 37.887205, 90.000000
 31844.00208333, 3.252667E+02, 1.036961E+01, 229.114252, 36.572492, 90.000000
 31844.00277778, 3.482838E+02, 1.374953E+01, 230.836360, 35.608190, 90.000000
 31844.00347222, 3.777976E+02, 1.706730E+01, 232.574049, 35.008536, 90.000000
 31844.00416667, 4.135770E+02, 2.030999E+01, 234.337551, 34.773741, 90.000000
 31844.00486111, 4.553065E+02, 2.346577E+01, 236.136934, 34.889615, 90.000000
 31844.00555556, 5.026107E+02, 2.652397E+01, 237.981888, 35.329263, 90.000000
 31844.00625000, 5.550802E+02, 2.947520E+01, 239.881595, 36.056431, 90.000000
 31844.00694444, 6.122937E+02, 3.231140E+01, 241.844668, 37.029623, 90.000000
 31844.00763889, 6.738347E+02, 3.502586E+01, 243.879131, 38.206002, 90.000000
 31844.00833333, 7.393030E+02, 3.761316E+01, 245.992400, 39.544454, 90.000000
 31844.00902778, 8.083208E+02, 4.006909E+01, 248.191262, 41.007566, 90.000000
 31844.00972222, 8.805353E+02, 4.239048E+01, 250.481801, 42.562631, 90.000000
 31844.01041667, 9.556191E+02, 4.457510E+01, 252.869276, 44.181901, 90.000000
 31844.01111111, 1.033269E+03, 4.662147E+01, 255.357938, 45.842387, 90.000000
 31844.01180556, 1.113204E+03, 4.852877E+01, 257.950787, 47.525391, 90.000000
 31844.01250000, 1.195166E+03, 5.029669E+01, 260.649285, 49.215941, 90.000000
 31844.01319444, 1.278914E+03, 5.192543E+01, 263.453040, 50.902216, 90.000000
 31844.01388889, 1.364226E+03, 5.341561E+01, 266.359474, 52.575007, 90.000000
 31844.01458333, 1.450898E+03, 5.476827E+01, 269.363538, 54.227249, 90.000000
 31844.01527778, 1.538741E+03, 5.598497E+01, 272.457481, 55.853614, 90.000000
 31844.01597222, 1.627580E+03, 5.706776E+01, 275.630737, 57.450169, 90.000000
 31844.01666667, 1.717256E+03, 5.801926E+01, 278.869960, 59.014104, 90.000000
 31844.01736111, 1.807623E+03, 5.884273E+01, 282.159242, 60.543499, 90.000000
 31844.01805556, 1.898547E+03, 5.954211E+01, 285.480521, 62.037140, 90.000000
 31844.01875000, 1.989905E+03, 6.012201E+01, 288.814161, 63.494369, 90.000000
 31844.01944444, 2.081585E+03, 6.058772E+01, 292.139680, 64.914964, 90.000000
 31844.02013889, 2.173486E+03, 6.094513E+01, 295.436545, 66.299041, 90.000000
 31844.02083333, 2.265515E+03, 6.120069E+01, 298.684978, 67.646979, 90.000000
 31844.02152778, 2.357588E+03, 6.136124E+01, 301.866678, 68.959352, 90.000000
 31844.02222222, 2.449628E+03, 6.143390E+01, 304.965420, 70.236885, 90.000000
 31844.02291667, 2.541568E+03, 6.142593E+01, 307.967471, 71.480410, 90.000000
 31844.02361111, 2.633342E+03, 6.134460E+01, 310.861814, 72.690836, 90.000000
 31844.02430556, 2.724896E+03, 6.119702E+01, 313.640198, 73.869125, 90.000000
 31844.02500000, 2.816178E+03, 6.099008E+01, 316.297030, 75.016266, 90.000000
 31844.02569444, 2.907140E+03, 6.073033E+01, 318.829147, 76.133268, 90.000000
 31844.02638889, 2.997742E+03, 6.042392E+01, 321.235527, 77.221141, 90.000000
 31844.02708333, 3.087945E+03, 6.007657E+01, 323.516948, 78.280890, 90.000000
 31844.02777778, 3.177715E+03, 5.969353E+01, 325.675647, 79.313505, 90.000000
 31844.02847222, 3.267022E+03, 5.927960E+01, 327.715001, 80.319958, 90.000000
 31844.02916667, 3.355836E+03, 5.883912E+01, 329.639229, 81.301197, 90.000000
 31844.02986111, 3.444135E+03, 5.837598E+01, 331.453135, 82.258143, 90.000000
 31844.03055556, 3.531895E+03, 5.789366E+01, 333.161897, 83.191690, 90.000000
 31844.03125000, 3.619095E+03, 5.739528E+01, 334.770892, 84.102702, 90.000000
 31844.03194444, 3.705719E+03, 5.688357E+01, 336.285557, 84.992011, 90.000000
 31844.03263889, 3.791749E+03, 5.636097E+01, 337.711284, 85.860420, 90.000000
 31844.03333333, 3.877173E+03, 5.582960E+01, 339.053341, 86.708701, 90.000000
 31844.03402778, 3.961975E+03, 5.529134E+01, 340.316815, 87.537595, 90.000000
 31844.03472222, 4.046147E+03, 5.474784E+01, 341.506578, 88.347813, 90.000000
 31844.03541667, 4.129676E+03, 5.420051E+01, 342.627258, 89.140036, 90.000000
 31844.03611111, 4.212555E+03, 5.365062E+01, 343.683229, 89.914919, 90.000000
 31844.03680556, 4.294776E+03, 5.309923E+01, 344.678609, 90.673088, 90.000000
 31844.03750000, 4.376332E+03, 5.254731E+01, 345.617257, 91.415142, 90.000000
 31844.03819444, 4.457217E+03, 5.199565E+01, 346.502780, 92.141654, 90.000000
 31844.03888889, 4.537425E+03, 5.144497E+01, 347.338548, 92.853176, 90.000000
 31844.03958333, 4.616954E+03, 5.089586E+01, 348.127695, 93.550231, 90.000000
 31844.04027778, 4.695799E+03, 5.034885E+01, 348.873142, 94.233324, 90.000000
 31844.04097222, 4.773956E+03, 4.980438E+01, 349.577601, 94.902936, 90.000000
 31844.04166667, 4.851425E+03, 4.926282E+01, 350.243594, 95.559527, 90.000000
 31844.04236111, 4.928202E+03, 4.872450E+01, 350.873463, 96.203539, 90.000000
 31844.04305556, 5.004287E+03, 4.818967E+01, 351.469383, 96.835395, 90.000000
 31844.04375000, 5.079677E+03, 4.765857E+01, 352.033375, 97.455497, 90.000000
 31844.04444444, 5.154374E+03, 4.713138E+01, 352.567316, 98.064235, 90.000000
 31844.04513889, 5.228375E+03, 4.660825E+01, 353.072951, 98.661977, 90.000000
 31844.04583333, 5.301682E+03, 4.608930E+01, 353.551903, 99.249080, 90.000000
 31844.04652778, 5.374295E+03, 4.557462E+01, 354.005679, 99.825884, 90.000000
 31844.04722222, 5.446214E+03, 4.506429E+01, 354.435685, 100.392716, 90.000000
 31844.04791667, 5.517440E+03, 4.455835E+01, 354.843228, 100.949888, 90.000000
 31844.04861111, 5.587974E+03, 4.405685E+01, 355.229528, 101.497699, 90.000000
 31844.04930556, 5.657817E+03, 4.355979E+01, 355.595722, 102.036439, 90.000000
 31844.05000000, 5.726972E+03, 4.306720E+01, 355.942870, 102.566383, 90.000000
 31844.05069444, 5.795438E+03, 4.257905E+01, 356.271964, 103.087796, 90.000000
 31844.05138889, 5.863219E+03, 4.209535E+01, 356.583930, 103.600932, 90.000000
 31844.05208333, 5.930315E+03, 4.161606E+01, 356.879634, 104.106036, 90.000000
 31844.05277778, 5.996729E+03, 4.114115E+01, 357.159888, 104.603344, 90.000000
 31844.05347222, 6.062463E+03, 4.067059E+01, 357.425451, 105.093079, 90.000000
 31844.05416667, 6.127519E+03, 4.020433E+01, 357.677037, 105.575460, 90.000000
 31844.05486111, 6.191899E+03, 3.974233E+01, 357.915313, 106.050695, 90.000000
 31844.05555556, 6.255606E+03, 3.928454E+01, 358.140908, 106.518985, 90.000000
 31844.05625000, 6.318642E+03, 3.883090E+01, 358.354413, 106.980522, 90.000000
 31844.05694444, 6.381008E+03, 3.838136E+01, 358.556381, 107.435493, 90.000000
 31844.05763889, 6.442709E+03, 3.793586E+01, 358.747337, 107.884075, 90.000000
 31844.05833333, 6.503746E+03, 3.749433E+01, 358.927772, 108.326442, 90.000000
 31844.05902778, 6.564121E+03, 3.705672E+01, 359.098150, 108.762760, 90.000000
 31844.05972222, 6.623838E+03, 3.662296E+01, 359.258911, 109.193187, 90.000000
 31844.06041667, 6.682899E+03, 3.619300E+01, 359.410466, 109.617880, 90.000000
 31844.06111111, 6.741306E+03, 3.576675E+01, 359.553207, 110.036985, 90.000000
 31844.06180556, 6.799062E+03, 3.534417E+01, 359.687503, 110.450646, 90.000000
 31844.06250000, 6.856170E+03, 3.492518E+01, 359.813704, 110.859001, 90.000000
 31844.06319444, 6.912632E+03, 3.450972E+01, 359.932142, 111.262185, 90.000000
 31844.06388889, 6.968451E+03, 3.409773E+01, 0.043129, 111.660325, 90.000000
 31844.06458333, 7.023629E+03, 3.368913E+01, 0.146964, 112.053546, 90.000000
 31844.06527778, 7.078170E+03, 3.328388E+01, 0.243928, 112.441967, 90.000000
 31844.06597222, 7.132075E+03, 3.288190E+01, 0.334290, 112.825706, 90.000000
 31844.06666667, 7.185348E+03, 3.248313E+01, 0.418304, 113.204873, 90.000000
 31844.06736111, 7.237990E+03, 3.208751E+01, 0.496212, 113.579578, 90.000000
 31844.06805556, 7.290005E+03, 3.169497E+01, 0.568245, 113.949924, 90.000000
 31844.06875000, 7.341395E+03, 3.130546E+01, 0.634623, 114.316014, 90.000000
 31844.06944444, 7.392163E+03, 3.091892E+01, 0.695553, 114.677944, 90.000000
 31844.07013889, 7.442310E+03, 3.053528E+01, 0.751235, 115.035810, 90.000000
 31844.07083333, 7.491841E+03, 3.015449E+01, 0.801859, 115.389703, 90.000000
 31844.07152778, 7.540756E+03, 2.977649E+01, 0.847606, 115.739711, 90.000000
 31844.07222222, 7.589059E+03, 2.940123E+01, 0.888648, 116.085922, 90.000000
 31844.07291667, 7.636752E+03, 2.902864E+01, 0.925152, 116.428417, 90.000000
 31844.07361111, 7.683837E+03, 2.865867E+01, 0.957275, 116.767277, 90.000000
 31844.07430556, 7.730316E+03, 2.829128E+01, 0.985169, 117.102580, 90.000000
 31844.07500000, 7.776193E+03, 2.792640E+01, 1.008977, 117.434402, 90.000000
 31844.07569444, 7.821470E+03, 2.756398E+01, 1.028838, 117.762815, 90.000000
 31844.07638889, 7.866148E+03, 2.720398E+01, 1.044884, 118.087892, 90.000000
 31844.07708333, 7.910230E+03, 2.684634E+01, 1.057243, 118.409699, 90.000000
 31844.07777778, 7.953718E+03, 2.649101E+01, 1.066037, 118.728304, 90.000000
 31844.07847222, 7.996615E+03, 2.613794E+01, 1.071383, 119.043772, 90.000000
 31844.07916667, 8.038922E+03, 2.578709E+01, 1.073392, 119.356165, 90.000000
 31844.07986111, 8.080642E+03, 2.543841E+01, 1.072172, 119.665543, 90.000000
 31844.08055556, 8.121777E+03, 2.509184E+01, 1.067828, 119.971967, 90.000000
 31844.08125000, 8.162329E+03, 2.474736E+01, 1.060458, 120.275492, 90.000000
 31844.08194444, 8.202300E+03, 2.440491E+01, 1.050158, 120.576174, 90.000000
 31844.08263889, 8.241692E+03, 2.406444E+01, 1.037020, 120.874068, 90.000000
 31844.08333333, 8.280508E+03, 2.372592E+01, 1.021134, 121.169225, 90.000000
 31844.08402778, 8.318748E+03, 2.338931E+01, 1.002584, 121.461695, 90.000000
 31844.08472222, 8.356415E+03, 2.305455E+01, 0.981453, 121.751529, 90.000000
 31844.08541667, 8.393512E+03, 2.272162E+01, 0.957821, 122.038774, 90.000000
 31844.08611111, 8.430039E+03, 2.239046E+01, 0.931762, 122.323475, 90.000000
 31844.08680556, 8.465999E+03, 2.206105E+01, 0.903353, 122.605679, 90.000000
 31844.08750000, 8.501393E+03, 2.173334E+01, 0.872663, 122.885429, 90.000000
 31844.08819444, 8.536224E+03, 2.140730E+01, 0.839762, 123.162767, 90.000000
 31844.08888889, 8.570492E+03, 2.108288E+01, 0.804717, 123.437734, 90.000000
 31844.08958333, 8.604201E+03, 2.076005E+01, 0.767590, 123.710370, 90.000000
 31844.09027778, 8.637351E+03, 2.043878E+01, 0.728446, 123.980715, 90.000000
 31844.09097222, 8.669944E+03, 2.011902E+01, 0.687343, 124.248805, 90.000000
 31844.09166667, 8.701982E+03, 1.980075E+01, 0.644340, 124.514678, 90.000000
 31844.09236111, 8.733466E+03, 1.948393E+01, 0.599494, 124.778369, 90.000000
 31844.09305556, 8.764398E+03, 1.916852E+01, 0.552859, 125.039912, 90.000000
 31844.09375000, 8.794780E+03, 1.885450E+01, 0.504488, 125.299341, 90.000000
 31844.09444444, 8.824613E+03, 1.854182E+01, 0.454432, 125.556688, 90.000000
 31844.09513889, 8.853898E+03, 1.823047E+01, 0.402742, 125.811985, 90.000000
 31844.09583333, 8.882638E+03, 1.792040E+01, 0.349465, 126.065262, 90.000000
 31844.09652778, 8.910833E+03, 1.761158E+01, 0.294648, 126.316550, 90.000000
 31844.09722222, 8.938484E+03, 1.730399E+01, 0.238337, 126.565876, 90.000000
 31844.09791667, 8.965594E+03, 1.699759E+01, 0.180577, 126.813270, 90.000000
 31844.09861111, 8.992163E+03, 1.669236E+01, 0.121409, 127.058757, 90.000000
 31844.09930556, 9.018194E+03, 1.638826E+01, 0.060877, 127.302365, 90.000000
 31844.10000000, 9.043686E+03, 1.608527E+01, 359.999020, 127.544119, 90.000000
 31844.10069444, 9.068642E+03, 1.578335E+01, 359.935879, 127.784044, 90.000000
 31844.10138889, 9.093062E+03, 1.548248E+01, 359.871491, 128.022162, 90.000000
 31844.10208333, 9.116948E+03, 1.518264E+01, 359.805895, 128.258499, 90.000000
 31844.10277778, 9.140302E+03, 1.488379E+01, 359.739127, 128.493076, 90.000000
 31844.10347222, 9.163123E+03, 1.458590E+01, 359.671223, 128.725915, 90.000000
 31844.10416667, 9.185414E+03, 1.428896E+01, 359.602217, 128.957036, 90.000000
 31844.10486111, 9.207175E+03, 1.399293E+01, 359.532145, 129.186461, 90.000000
 31844.10555556, 9.228407E+03, 1.369779E+01, 359.461037, 129.414209, 90.000000
 31844.10625000, 9.249112E+03, 1.340352E+01, 359.388929, 129.640299, 90.000000
 31844.10694444, 9.269290E+03, 1.311008E+01, 359.315850, 129.864750, 90.000000
 31844.10763889, 9.288943E+03, 1.281745E+01, 359.241832, 130.087578, 90.000000
 31844.10833333, 9.308071E+03, 1.252561E+01, 359.166905, 130.308802, 90.000000
 31844.10902778, 9.326676E+03, 1.223453E+01, 359.091098, 130.528438, 90.000000
 31844.10972222, 9.344757E+03, 1.194419E+01, 359.014442, 130.746501, 90.000000
 31844.11041667, 9.362317E+03, 1.165457E+01, 358.936964, 130.963006, 90.000000
 31844.11111111, 9.379356E+03, 1.136564E+01, 358.858691, 131.177970, 90.000000
 31844.11180556, 9.395874E+03, 1.107738E+01, 358.779652, 131.391405, 90.000000
 31844.11250000, 9.411873E+03, 1.078976E+01, 358.699873, 131.603324, 90.000000
 31844.11319444, 9.427354E+03, 1.050277E+01, 358.619381, 131.813742, 90.000000
 31844.11388889, 9.442316E+03, 1.021638E+01, 358.538201, 132.022671, 90.000000
 31844.11458333, 9.456761E+03, 9.930558E+00, 358.456358, 132.230121, 90.000000
 31844.11527778, 9.470690E+03, 9.645295E+00, 358.373877, 132.436105, 90.000000
 31844.11597222, 9.484103E+03, 9.360565E+00, 358.290783, 132.640634, 90.000000
 31844.11666667, 9.497000E+03, 9.076346E+00, 358.207100, 132.843716, 90.000000
 31844.11736111, 9.509383E+03, 8.792616E+00, 358.122852, 133.045363, 90.000000
 31844.11805556, 9.521252E+03, 8.509353E+00, 358.038062, 133.245583, 90.000000
 31844.11875000, 9.532608E+03, 8.226536E+00, 357.952752, 133.444385, 90.000000
 31844.11944444, 9.543450E+03, 7.944144E+00, 357.866946, 133.641776, 90.000000
 31844.12013889, 9.553781E+03, 7.662156E+00, 357.780666, 133.837765, 90.000000
 31844.12083333, 9.563599E+03, 7.380551E+00, 357.693935, 134.032358, 90.000000
 31844.12152778, 9.572906E+03, 7.099307E+00, 357.606772, 134.225561, 90.000000
 31844.12222222, 9.581702E+03, 6.818404E+00, 357.519202, 134.417382, 90.000000
 31844.12291667, 9.589987E+03, 6.537822E+00, 357.431243, 134.607825, 90.000000
 31844.12361111, 9.597762E+03, 6.257540E+00, 357.342918, 134.796895, 90.000000
 31844.12430556, 9.605028E+03, 5.977538E+00, 357.254248, 134.984597, 90.000000
 31844.12500000, 9.611784E+03, 5.697795E+00, 357.165253, 135.170935, 90.000000
 31844.12569444, 9.618030E+03, 5.418291E+00, 357.075952, 135.355911, 90.000000
 31844.12638889, 9.623768E+03, 5.139006E+00, 356.986368, 135.539530, 90.000000
 31844.12708333, 9.628998E+03, 4.859920E+00, 356.896519, 135.721792, 90.000000
 31844.12777778, 9.633719E+03, 4.581013E+00, 356.806426, 135.902701, 90.000000
 31844.12847222, 9.637932E+03, 4.302265E+00, 356.716108, 136.082258, 90.000000
 31844.12916667, 9.641637E+03, 4.023656E+00, 356.625585, 136.260462, 90.000000
 31844.12986111, 9.644834E+03, 3.745166E+00, 356.534877, 136.437316, 90.000000
 31844.13055556, 9.647524E+03, 3.466775E+00, 356.444002, 136.612817, 90.000000
 31844.13125000, 9.649706E+03, 3.188464E+00, 356.352980, 136.786967, 90.000000
 31844.13194444, 9.651381E+03, 2.910213E+00, 356.261832, 136.959763, 90.000000
 31844.13263889, 9.652548E+03, 2.632002E+00, 356.170574, 137.131203, 90.000000
 31844.13333333, 9.653209E+03, 2.353812E+00, 356.079227, 137.301286, 90.000000
 31844.13402778, 9.653362E+03, 2.075622E+00, 355.987810, 137.470008, 90.000000
 31844.13472222, 9.653008E+03, 1.797413E+00, 355.896342, 137.637367, 90.000000
 31844.13541667, 9.652147E+03, 1.519166E+00, 355.804842, 137.803357, 90.000000
 31844.13611111, 9.650778E+03, 1.240859E+00, 355.713328, 137.967974, 90.000000
 31844.13680556, 9.648903E+03, 9.624751E-01, 355.621820, 138.131214, 90.000000
 31844.13750000, 9.646520E+03, 6.839927E-01, 355.530337, 138.293071, 90.000000
 31844.13819444, 9.643629E+03, 4.053925E-01, 355.438898, 138.453538, 90.000000
 31844.13888889, 9.640231E+03, 1.266544E-01, 355.347522, 138.612609, 90.000000
 31844.13958333, 9.636325E+03, -1.522413E-01, 355.256227, 138.770276, 90.000000
 31844.14027778, 9.631911E+03, -4.313148E-01, 355.165034, 138.926532, 90.000000
 31844.14097222, 9.626988E+03, -7.105859E-01, 355.073961, 139.081367, 90.000000
 31844.14166667, 9.621558E+03, -9.900748E-01, 354.983027, 139.234772, 90.000000
 31844.14236111, 9.615618E+03, -1.269802E+00, 354.892252, 139.386738, 90.000000
 31844.14305556, 9.609170E+03, -1.549787E+00, 354.801656, 139.537254, 90.000000
 31844.14375000, 9.602213E+03, -1.830051E+00, 354.711259, 139.686309, 90.000000
 31844.14444444, 9.594745E+03, -2.110614E+00, 354.621079, 139.833892, 90.000000
 31844.14513889, 9.586768E+03, -2.391497E+00, 354.531137, 139.979990, 90.000000
 31844.14583333, 9.578281E+03, -2.672720E+00, 354.441452, 140.124589, 90.000000
 31844.14652778, 9.569283E+03, -2.954304E+00, 354.352046, 140.267677, 90.000000
 31844.14722222, 9.559773E+03, -3.236271E+00, 354.262938, 140.409238, 90.000000
 31844.14791667, 9.549753E+03, -3.518641E+00, 354.174149, 140.549258, 90.000000
 31844.14861111, 9.539220E+03, -3.801435E+00, 354.085700, 140.687720, 90.000000
 31844.14930556, 9.528174E+03, -4.084675E+00, 353.997611, 140.824609, 90.000000
 31844.15000000, 9.516615E+03, -4.368382E+00, 353.909905, 140.959907, 90.000000
 31844.15069444, 9.504543E+03, -4.652578E+00, 353.822602, 141.093596, 90.000000
 31844.15138889, 9.491956E+03, -4.937285E+00, 353.735724, 141.225658, 90.000000
 31844.15208333, 9.478855E+03, -5.222525E+00, 353.649294, 141.356071, 90.000000
 31844.15277778, 9.465238E+03, -5.508321E+00, 353.563333, 141.484817, 90.000000
 31844.15347222, 9.451105E+03, -5.794694E+00, 353.477864, 141.611875, 90.000000
 31844.15416667, 9.436455E+03, -6.081667E+00, 353.392911, 141.737221, 90.000000
 31844.15486111, 9.421288E+03, -6.369263E+00, 353.308497, 141.860834, 90.000000
 31844.15555556, 9.405602E+03, -6.657506E+00, 353.224644, 141.982690, 90.000000
 31844.15625000, 9.389398E+03, -6.946418E+00, 353.141378, 142.102764, 90.000000
 31844.15694444, 9.372674E+03, -7.236023E+00, 353.058723, 142.221032, 90.000000
 31844.15763889, 9.355429E+03, -7.526346E+00, 352.976703, 142.337466, 90.000000
 31844.15833333, 9.337663E+03, -7.817409E+00, 352.895345, 142.452040, 90.000000
 31844.15902778, 9.319374E+03, -8.109239E+00, 352.814673, 142.564725, 90.000000
 31844.15972222, 9.300563E+03, -8.401858E+00, 352.734715, 142.675493, 90.000000
 31844.16041667, 9.281227E+03, -8.695293E+00, 352.655496, 142.784314, 90.000000
 31844.16111111, 9.261366E+03, -8.989568E+00, 352.577045, 142.891156, 90.000000
 31844.16180556, 9.240980E+03, -9.284709E+00, 352.499388, 142.995988, 90.000000
 31844.16250000, 9.220066E+03, -9.580743E+00, 352.422556, 143.098777, 90.000000
 31844.16319444, 9.198625E+03, -9.877694E+00, 352.346576, 143.199489, 90.000000
 31844.16388889, 9.176654E+03, -1.017559E+01, 352.271478, 143.298089, 90.000000
 31844.16458333, 9.154154E+03, -1.047446E+01, 352.197293, 143.394541, 90.000000
 31844.16527778, 9.131122E+03, -1.077433E+01, 352.124051, 143.488807, 90.000000
 31844.16597222, 9.107558E+03, -1.107522E+01, 352.051785, 143.580849, 90.000000
 31844.16666667, 9.083461E+03, -1.137717E+01, 351.980527, 143.670629, 90.000000
 31844.16736111, 9.058829E+03, -1.168020E+01, 351.910310, 143.758104, 90.000000
 31844.16805556, 9.033661E+03, -1.198435E+01, 351.841169, 143.843234, 90.000000
 31844.16875000, 9.007956E+03, -1.228964E+01, 351.773138, 143.925976, 90.000000
 31844.16944444, 8.981713E+03, -1.259610E+01, 351.706254, 144.006286, 90.000000
 31844.17013889, 8.954930E+03, -1.290376E+01, 351.640552, 144.084117, 90.000000
 31844.17083333, 8.927606E+03, -1.321266E+01, 351.576072, 144.159424, 90.000000
 31844.17152778, 8.899740E+03, -1.352282E+01, 351.512851, 144.232158, 90.000000
 31844.17222222, 8.871330E+03, -1.383428E+01, 351.450930, 144.302271, 90.000000
 31844.17291667, 8.842375E+03, -1.414706E+01, 351.390349, 144.369711, 90.000000
 31844.17361111, 8.812873E+03, -1.446121E+01, 351.331152, 144.434427, 90.000000
 31844.17430556, 8.782823E+03, -1.477676E+01, 351.273380, 144.496366, 90.000000
 31844.17500000, 8.752224E+03, -1.509373E+01, 351.217080, 144.555472, 90.000000
 31844.17569444, 8.721074E+03, -1.541217E+01, 351.162296, 144.611690, 90.000000
 31844.17638889, 8.689371E+03, -1.573210E+01, 351.109076, 144.664961, 90.000000
 31844.17708333, 8.657114E+03, -1.605357E+01, 351.057470, 144.715228, 90.000000
 31844.17777778, 8.624301E+03, -1.637662E+01, 351.007527, 144.762429, 90.000000
 31844.17847222, 8.590930E+03, -1.670127E+01, 350.959299, 144.806502, 90.000000
 31844.17916667, 8.557001E+03, -1.702757E+01, 350.912841, 144.847383, 90.000000
 31844.17986111, 8.522510E+03, -1.735556E+01, 350.868207, 144.885008, 90.000000
 31844.18055556, 8.487457E+03, -1.768527E+01, 350.825454, 144.919309, 90.000000
 31844.18125000, 8.451840E+03, -1.801674E+01, 350.784642, 144.950218, 90.000000
 31844.18194444, 8.415656E+03, -1.835003E+01, 350.745832, 144.977664, 90.000000
 31844.18263889, 8.378905E+03, -1.868516E+01, 350.709087, 145.001575, 90.000000
 31844.18333333, 8.341583E+03, -1.902218E+01, 350.674473, 145.021878, 90.000000
 31844.18402778, 8.303690E+03, -1.936114E+01, 350.642057, 145.038498, 90.000000
 31844.18472222, 8.265223E+03, -1.970207E+01, 350.611909, 145.051356, 90.000000
 31844.18541667, 8.226180E+03, -2.004503E+01, 350.584103, 145.060375, 90.000000
 31844.18611111, 8.186560E+03, -2.039005E+01, 350.558713, 145.065472, 90.000000
 31844.18680556, 8.146360E+03, -2.073719E+01, 350.535819, 145.066564, 90.000000
 31844.18750000, 8.105578E+03, -2.108650E+01, 350.515500, 145.063568, 90.000000
 31844.18819444, 8.064213E+03, -2.143802E+01, 350.497842, 145.056396, 90.000000
 31844.18888889, 8.022261E+03, -2.179180E+01, 350.482932, 145.044958, 90.000000
 31844.18958333, 7.979722E+03, -2.214790E+01, 350.470861, 145.029164, 90.000000
 31844.19027778, 7.936593E+03, -2.250636E+01, 350.461724, 145.008921, 90.000000
 31844.19097222, 7.892871E+03, -2.286724E+01, 350.455620, 144.984133, 90.000000
 31844.19166667, 7.848554E+03, -2.323060E+01, 350.452650, 144.954702, 90.000000
 31844.19236111, 7.803641E+03, -2.359648E+01, 350.452922, 144.920529, 90.000000
 31844.19305556, 7.758128E+03, -2.396495E+01, 350.456547, 144.881511, 90.000000
 31844.19375000, 7.712014E+03, -2.433606E+01, 350.463642, 144.837544, 90.000000
 31844.19444444, 7.665297E+03, -2.470987E+01, 350.474326, 144.788520, 90.000000
 31844.19513889, 7.617973E+03, -2.508645E+01, 350.488728, 144.734329, 90.000000
 31844.19583333, 7.570040E+03, -2.546584E+01, 350.506977, 144.674859, 90.000000
 31844.19652778, 7.521497E+03, -2.584812E+01, 350.529213, 144.609996, 90.000000
 31844.19722222, 7.472340E+03, -2.623336E+01, 350.555580, 144.539620, 90.000000
 31844.19791667, 7.422568E+03, -2.662160E+01, 350.586227, 144.463612, 90.000000
 31844.19861111, 7.372177E+03, -2.701293E+01, 350.621314, 144.381848, 90.000000
 31844.19930556, 7.321165E+03, -2.740741E+01, 350.661005, 144.294201, 90.000000
 31844.20000000, 7.269530E+03, -2.780510E+01, 350.705474, 144.200541, 90.000000
 31844.20069444, 7.217269E+03, -2.820609E+01, 350.754902, 144.100735, 90.000000
 31844.20138889, 7.164380E+03, -2.861043E+01, 350.809480, 143.994646, 90.000000
 31844.20208333, 7.110860E+03, -2.901821E+01, 350.869408, 143.882135, 90.000000
 31844.20277778, 7.056706E+03, -2.942950E+01, 350.934896, 143.763058, 90.000000
 31844.20347222, 7.001916E+03, -2.984438E+01, 351.006165, 143.637267, 90.000000
 31844.20416667, 6.946487E+03, -3.026292E+01, 351.083448, 143.504611, 90.000000
 31844.20486111, 6.890417E+03, -3.068520E+01, 351.166988, 143.364934, 90.000000
 31844.20555556, 6.833703E+03, -3.111130E+01, 351.257045, 143.218077, 90.000000
 31844.20625000, 6.776342E+03, -3.154130E+01, 351.353889, 143.063875, 90.000000
 31844.20694444, 6.718332E+03, -3.197529E+01, 351.457808, 142.902159, 90.000000
 31844.20763889, 6.659670E+03, -3.241335E+01, 351.569104, 142.732756, 90.000000
 31844.20833333, 6.600354E+03, -3.285557E+01, 351.688096, 142.555487, 90.000000
 31844.20902778, 6.540381E+03, -3.330202E+01, 351.815123, 142.370167, 90.000000
 31844.20972222, 6.479748E+03, -3.375280E+01, 351.950542, 142.176607, 90.000000
 31844.21041667, 6.418453E+03, -3.420800E+01, 352.094732, 141.974610, 90.000000
 31844.21111111, 6.356494E+03, -3.466769E+01, 352.248095, 141.763976, 90.000000
 31844.21180556, 6.293867E+03, -3.513198E+01, 352.411055, 141.544495, 90.000000
 31844.21250000, 6.230571E+03, -3.560094E+01, 352.584064, 141.315952, 90.000000
 31844.21319444, 6.166604E+03, -3.607467E+01, 352.767603, 141.078125, 90.000000
 31844.21388889, 6.101962E+03, -3.655326E+01, 352.962182, 140.830784, 90.000000
 31844.21458333, 6.036644E+03, -3.703679E+01, 353.168343, 140.573692, 90.000000
 31844.21527778, 5.970647E+03, -3.752534E+01, 353.386666, 140.306601, 90.000000
 31844.21597222, 5.903970E+03, -3.801901E+01, 353.617766, 140.029256, 90.000000
 31844.21666667, 5.836610E+03, -3.851787E+01, 353.862301, 139.741393, 90.000000
 31844.21736111, 5.768565E+03, -3.902201E+01, 354.120975, 139.442738, 90.000000
 31844.21805556, 5.699834E+03, -3.953149E+01, 354.394538, 139.133005, 90.000000
 31844.21875000, 5.630415E+03, -4.004640E+01, 354.683795, 138.811899, 90.000000
 31844.21944444, 5.560307E+03, -4.056679E+01, 354.989604, 138.479111, 90.000000
 31844.22013889, 5.489508E+03, -4.109273E+01, 355.312890, 138.134323, 90.000000
 31844.22083333, 5.418017E+03, -4.162427E+01, 355.654643, 137.777200, 90.000000
 31844.22152778, 5.345834E+03, -4.216146E+01, 356.015925, 137.407396, 90.000000
 31844.22222222, 5.272956E+03, -4.270432E+01, 356.397880, 137.024549, 90.000000
 31844.22291667, 5.199385E+03, -4.325287E+01, 356.801738, 136.628282, 90.000000
 31844.22361111, 5.125120E+03, -4.380712E+01, 357.228824, 136.218201, 90.000000
 31844.22430556, 5.050161E+03, -4.436706E+01, 357.680566, 135.793895, 90.000000
 31844.22500000, 4.974509E+03, -4.493266E+01, 358.158506, 135.354935, 90.000000
 31844.22569444, 4.898163E+03, -4.550386E+01, 358.664307, 134.900870, 90.000000
 31844.22638889, 4.821126E+03, -4.608057E+01, 359.199769, 134.431231, 90.000000
 31844.22708333, 4.743400E+03, -4.666267E+01, 359.766837, 133.945525, 90.000000
 31844.22777778, 4.664986E+03, -4.725003E+01, 0.367617, 133.443236, 90.000000
 31844.22847222, 4.585887E+03, -4.784244E+01, 1.004391, 132.923824, 90.000000
 31844.22916667, 4.506106E+03, -4.843965E+01, 1.679629, 132.386720, 90.000000
 31844.22986111, 4.425648E+03, -4.904136E+01, 2.396010, 131.831331, 90.000000
 31844.23055556, 4.344516E+03, -4.964721E+01, 3.156439, 131.257029, 90.000000
 31844.23125000, 4.262717E+03, -5.025675E+01, 3.964067, 130.663158, 90.000000
 31844.23194444, 4.180257E+03, -5.086943E+01, 4.822306, 130.049028, 90.000000
 31844.23263889, 4.097143E+03, -5.148464E+01, 5.734856, 129.413912, 90.000000
 31844.23333333, 4.013383E+03, -5.210161E+01, 6.705722, 128.757046, 90.000000
 31844.23402778, 3.928986E+03, -5.271944E+01, 7.739234, 128.077626, 90.000000
 31844.23472222, 3.843964E+03, -5.333710E+01, 8.840065, 127.374805, 90.000000
 31844.23541667, 3.758327E+03, -5.395335E+01, 10.013248, 126.647690, 90.000000
 31844.23611111, 3.672091E+03, -5.456677E+01, 11.264181, 125.895343, 90.000000
 31844.23680556, 3.585269E+03, -5.517567E+01, 12.598635, 125.116772, 90.000000
 31844.23750000, 3.497878E+03, -5.577813E+01, 14.022744, 124.310934, 90.000000
 31844.23819444, 3.409938E+03, -5.637189E+01, 15.542977, 123.476729, 90.000000
 31844.23888889, 3.321470E+03, -5.695436E+01, 17.166102, 122.612996, 90.000000
 31844.23958333, 3.232496E+03, -5.752255E+01, 18.899108, 121.718515, 90.000000
 31844.24027778, 3.143043E+03, -5.807303E+01, 20.749105, 120.791997, 90.000000
 31844.24097222, 3.053140E+03, -5.860190E+01, 22.723171, 119.832085, 90.000000
 31844.24166667, 2.962819E+03, -5.910471E+01, 24.828155, 118.837351, 90.000000
 31844.24236111, 2.872115E+03, -5.957643E+01, 27.070411, 117.806292, 90.000000
 31844.24305556, 2.781068E+03, -6.001144E+01, 29.455473, 116.737326, 90.000000
 31844.24375000, 2.689721E+03, -6.040346E+01, 31.987646, 115.628793, 90.000000
 31844.24444444, 2.598122E+03, -6.074556E+01, 34.669548, 114.478952, 90.000000
 31844.24513889, 2.506324E+03, -6.103020E+01, 37.501586, 113.285977, 90.000000
 31844.24583333, 2.414386E+03, -6.124926E+01, 40.481419, 112.047961, 90.000000
 31844.24652778, 2.322372E+03, -6.139411E+01, 43.603449, 110.762915, 90.000000
 31844.24722222, 2.230355E+03, -6.145577E+01, 46.858395, 109.428769, 90.000000
 31844.24791667, 2.138412E+03, -6.142504E+01, 50.233034, 108.043379, 90.000000
 31844.24861111, 2.046630E+03, -6.129274E+01, 53.710179, 106.604531, 90.000000
 31844.24930556, 1.955105E+03, -6.104990E+01, 57.268962, 105.109953, 90.000000
 31844.25000000, 1.863941E+03, -6.068804E+01, 60.885433, 103.557327, 90.000000
 31844.25069444, 1.773254E+03, -6.019931E+01, 64.533477, 101.944305, 90.000000
 31844.25138889, 1.683172E+03, -5.957678E+01, 68.185965, 100.268538, 90.000000
 31844.25208333, 1.593831E+03, -5.881449E+01, 71.816015, 98.527699, 90.000000
 31844.25277778, 1.505386E+03, -5.790757E+01, 75.398239, 96.719526, 90.000000
 31844.25347222, 1.418002E+03, -5.685224E+01, 78.909821, 94.841868, 90.000000
 31844.25416667, 1.331861E+03, -5.564577E+01, 82.331337, 92.892743, 90.000000
 31844.25486111, 1.247160E+03, -5.428638E+01, 85.647249, 90.870417, 90.000000
 31844.25555556, 1.164115E+03, -5.277317E+01, 88.846079, 88.773487, 90.000000
 31844.25625000, 1.082957E+03, -5.110598E+01, 91.920297, 86.600995, 90.000000
 31844.25694444, 1.003937E+03, -4.928533E+01, 94.865995, 84.352559, 90.000000
 31844.25763889, 9.273228E+02, -4.731236E+01, 97.682422, 82.028526, 90.000000
 31844.25833333, 8.534028E+02, -4.518881E+01, 100.371453, 79.630160, 90.000000
 31844.25902778, 7.824833E+02, -4.291710E+01, 102.937052, 77.159851, 90.000000
 31844.25972222, 7.148893E+02, -4.050034E+01, 105.384768, 74.621357, 90.000000
 31844.26041667, 6.509647E+02, -3.794251E+01, 107.721301, 72.020062, 90.000000
 31844.26111111, 5.910712E+02, -3.524862E+01, 109.954144, 69.363257, 90.000000
 31844.26180556, 5.355879E+02, -3.242489E+01, 112.091313, 66.660413, 90.000000
 31844.26250000, 4.849087E+02, -2.947888E+01, 114.141162, 63.923444, 90.000000
 31844.26319444, 4.394388E+02, -2.641971E+01, 116.112263, 61.166927, 90.000000
 31844.26388889, 3.995873E+02, -2.325812E+01, 118.013354, 58.408272, 90.000000
 31844.26458333, 3.657566E+02, -2.000646E+01, 119.853320, 55.667821, 90.000000
 31844.26527778, 3.383268E+02, -1.667862E+01, 121.641183, 52.968868, 90.000000
 31844.26597222, 3.176363E+02, -1.328985E+01, 123.386077, 50.337617, 90.000000
 31844.26666667, 3.039592E+02, -9.856454E+00, 125.097188, 47.803051, 90.000000
 31844.26736111, 2.974844E+02, -6.395475E+00, 126.783646, 45.396696, 90.000000
 31844.26805556, 2.982979E+02, -2.924307E+00, 128.454375, 43.152196, 90.000000
 31844.26875000, 3.063748E+02, 5.396743E-01, 130.117927, 41.104564, 90.000000
 31844.26944444, 3.215801E+02, 3.979472E+00, 131.782326, 39.288958, 90.000000
 31844.27013889, 3.436814E+02, 7.378805E+00, 133.454959, 37.738808, 90.000000
 31844.27083333, 3.723678E+02, 1.072240E+01, 135.142531, 36.483323, 90.000000
 31844.27152778, 4.072744E+02, 1.399628E+01, 136.851098, 35.544587, 90.000000
 31844.27222222, 4.480055E+02, 1.718793E+01, 138.586152, 34.934786, 90.000000
 31844.27291667, 4.941550E+02, 2.028647E+01, 140.352744, 34.654295, 90.000000
 31844.27361111, 5.453205E+02, 2.328269E+01, 142.155613, 34.691251, 90.000000
 31844.27430556, 6.011136E+02, 2.616909E+01, 143.999295, 35.022849, 90.000000
 31844.27500000, 6.611633E+02, 2.893971E+01, 145.888201, 35.618044, 90.000000
 31844.27569444, 7.251181E+02, 3.159008E+01, 147.826637, 36.440945, 90.000000
 31844.27638889, 7.926452E+02, 3.411698E+01, 149.818796, 37.454121, 90.000000
 31844.27708333, 8.634291E+02, 3.651831E+01, 151.868688, 38.621262, 90.000000
 31844.27777778, 9.371705E+02, 3.879286E+01, 153.980051, 39.908981, 90.000000
 31844.27847222, 1.013586E+03, 4.094017E+01, 156.156219, 41.287774, 90.000000
 31844.27916667, 1.092406E+03, 4.296038E+01, 158.399977, 42.732358, 90.000000
 31844.27986111, 1.173376E+03, 4.485411E+01, 160.713399, 44.221563, 90.000000
 31844.28055556, 1.256258E+03, 4.662234E+01, 163.097676, 45.737986, 90.000000
 31844.28125000, 1.340825E+03, 4.826641E+01, 165.552944, 47.267539, 90.000000
 31844.28194444, 1.426870E+03, 4.978790E+01, 168.078124, 48.798965, 90.000000
 31844.28263889, 1.514196E+03, 5.118868E+01, 170.670772, 50.323377, 90.000000
 31844.28333333, 1.602623E+03, 5.247085E+01, 173.326971, 51.833852, 90.000000
 31844.28402778, 1.691984E+03, 5.363677E+01, 176.041257, 53.325073, 90.000000
 31844.28472222, 1.782125E+03, 5.468908E+01, 178.806609, 54.793023, 90.000000
 31844.28541667, 1.872907E+03, 5.563072E+01, 181.614501, 56.234742, 90.000000
 31844.28611111, 1.964200E+03, 5.646494E+01, 184.455031, 57.648111, 90.000000
 31844.28680555, 2.055888E+03, 5.719529E+01, 187.317130, 59.031691, 90.000000
 31844.28750000, 2.147861E+03, 5.782569E+01, 190.188826, 60.384577, 90.000000
 31844.28819444, 2.240025E+03, 5.836035E+01, 193.057585, 61.706293, 90.000000
 31844.28888889, 2.332289E+03, 5.880378E+01, 195.910665, 62.996697, 90.000000
 31844.28958333, 2.424573E+03, 5.916075E+01, 198.735499, 64.255909, 90.000000
 31844.29027778, 2.516804E+03, 5.943623E+01, 201.520055, 65.484250, 90.000000
 31844.29097222, 2.608916E+03, 5.963537E+01, 204.253155, 66.682199, 90.000000
 31844.29166667, 2.700850E+03, 5.976338E+01, 206.924745, 67.850350, 90.000000
 31844.29236111, 2.792550E+03, 5.982550E+01, 209.526083, 68.989383, 90.000000
 31844.29305555, 2.883967E+03, 5.982693E+01, 212.049859, 70.100039, 90.000000
 31844.29375000, 2.975057E+03, 5.977275E+01, 214.490243, 71.183103, 90.000000
 31844.29444444, 3.065781E+03, 5.966791E+01, 216.842859, 72.239385, 90.000000
 31844.29513889, 3.156100E+03, 5.951713E+01, 219.104715, 73.269706, 90.000000
 31844.29583333, 3.245984E+03, 5.932492E+01, 221.274091, 74.274896, 90.000000
 31844.29652778, 3.335402E+03, 5.909550E+01, 223.350394, 75.255778, 90.000000
 31844.29722222, 3.424328E+03, 5.883284E+01, 225.334008, 76.213165, 90.000000
 31844.29791667, 3.512737E+03, 5.854061E+01, 227.226138, 77.147859, 90.000000
 31844.29861111, 3.600609E+03, 5.822219E+01, 229.028657, 78.060641, 90.000000
 31844.29930555, 3.687924E+03, 5.788071E+01, 230.743965, 78.952275, 90.000000
 31844.30000000, 3.774664E+03, 5.751899E+01, 232.374860, 79.823500, 90.000000
 31844.30069444, 3.860815E+03, 5.713961E+01, 233.924429, 80.675035, 90.000000
 31844.30138889, 3.946363E+03, 5.674491E+01, 235.395948, 81.507574, 90.000000
 31844.30208333, 4.031294E+03, 5.633700E+01, 236.792807, 82.321788, 90.000000
 31844.30277778, 4.115600E+03, 5.591777E+01, 238.118441, 83.118321, 90.000000
 31844.30347222, 4.199269E+03, 5.548893E+01, 239.376278, 83.897795, 90.000000
 31844.30416667, 4.282293E+03, 5.505200E+01, 240.569698, 84.660810, 90.000000
 31844.30486111, 4.364666E+03, 5.460834E+01, 241.702003, 85.407939, 90.000000
 31844.30555555, 4.446380E+03, 5.415917E+01, 242.776390, 86.139735, 90.000000
 31844.30625000, 4.527430E+03, 5.370556E+01, 243.795939, 86.856728, 90.000000
 31844.30694444, 4.607811E+03, 5.324848E+01, 244.763601, 87.559427, 90.000000
 31844.30763889, 4.687519E+03, 5.278879E+01, 245.682188, 88.248321, 90.000000
 31844.30833333, 4.766551E+03, 5.232723E+01, 246.554375, 88.923877, 90.000000
 31844.30902778, 4.844903E+03, 5.186448E+01, 247.382696, 89.586545, 90.000000
 31844.30972222, 4.922574E+03, 5.140113E+01, 248.169550, 90.236756, 90.000000
 31844.31041667, 4.999562E+03, 5.093769E+01, 248.917197, 90.874922, 90.000000
 31844.31111111, 5.075865E+03, 5.047463E+01, 249.627770, 91.501440, 90.000000
 31844.31180555, 5.151483E+03, 5.001235E+01, 250.303276, 92.116691, 90.000000
 31844.31250000, 5.226414E+03, 4.955120E+01, 250.945603, 92.721038, 90.000000
 31844.31319444, 5.300660E+03, 4.909148E+01, 251.556526, 93.314832, 90.000000
 31844.31388889, 5.374219E+03, 4.863348E+01, 252.137710, 93.898407, 90.000000
 31844.31458333, 5.447092E+03, 4.817741E+01, 252.690722, 94.472087, 90.000000
 31844.31527778, 5.519280E+03, 4.772349E+01, 253.217030, 95.036180, 90.000000
 31844.31597222, 5.590784E+03, 4.727188E+01, 253.718015, 95.590982, 90.000000
 31844.31666667, 5.661605E+03, 4.682274E+01, 254.194973, 96.136780, 90.000000
 31844.31736111, 5.731744E+03, 4.637619E+01, 254.649120, 96.673846, 90.000000
 31844.31805555, 5.801202E+03, 4.593233E+01, 255.081600, 97.202443, 90.000000
 31844.31875000, 5.869981E+03, 4.549126E+01, 255.493485, 97.722824, 90.000000
 31844.31944444, 5.938084E+03, 4.505304E+01, 255.885786, 98.235233, 90.000000
 31844.32013889, 6.005511E+03, 4.461774E+01, 256.259452, 98.739902, 90.000000
 31844.32083333, 6.072264E+03, 4.418541E+01, 256.615374, 99.237056, 90.000000
 31844.32152778, 6.138347E+03, 4.375607E+01, 256.954394, 99.726911, 90.000000
 31844.32222222, 6.203760E+03, 4.332975E+01, 257.277301, 100.209676, 90.000000
 31844.32291667, 6.268506E+03, 4.290648E+01, 257.584842, 100.685549, 90.000000
 31844.32361111, 6.332588E+03, 4.248625E+01, 257.877717, 101.154725, 90.000000
 31844.32430555, 6.396007E+03, 4.206908E+01, 258.156590, 101.617388, 90.000000
 31844.32500000, 6.458766E+03, 4.165496E+01, 258.422085, 102.073718, 90.000000
 31844.32569444, 6.520868E+03, 4.124387E+01, 258.674792, 102.523886, 90.000000
 31844.32638889, 6.582315E+03, 4.083582E+01, 258.915268, 102.968058, 90.000000
 31844.32708333, 6.643110E+03, 4.043077E+01, 259.144040, 103.406396, 90.000000
 31844.32777778, 6.703255E+03, 4.002871E+01, 259.361606, 103.839052, 90.000000
 31844.32847222, 6.762752E+03, 3.962961E+01, 259.568437, 104.266177, 90.000000
 31844.32916667, 6.821605E+03, 3.923344E+01, 259.764979, 104.687914, 90.000000
 31844.32986111, 6.879816E+03, 3.884018E+01, 259.951654, 105.104401, 90.000000
 31844.33055555, 6.937387E+03, 3.844980E+01, 260.128865, 105.515774, 90.000000
 31844.33125000, 6.994321E+03, 3.806226E+01, 260.296990, 105.922160, 90.000000
 31844.33194444, 7.050621E+03, 3.767752E+01, 260.456391, 106.323686, 90.000000
 31844.33263889, 7.106289E+03, 3.729555E+01, 260.607410, 106.720472, 90.000000
 31844.33333333, 7.161328E+03, 3.691631E+01, 260.750372, 107.112635, 90.000000
 31844.33402778, 7.215740E+03, 3.653977E+01, 260.885587, 107.500287, 90.000000
 31844.33472222, 7.269529E+03, 3.616588E+01, 261.013349, 107.883538, 90.000000
 31844.33541667, 7.322696E+03, 3.579461E+01, 261.133938, 108.262494, 90.000000
 31844.33611111, 7.375244E+03, 3.542591E+01, 261.247622, 108.637257, 90.000000
 31844.33680555, 7.427176E+03, 3.505975E+01, 261.354653, 109.007926, 90.000000
 31844.33750000, 7.478495E+03, 3.469608E+01, 261.455274, 109.374596, 90.000000
 31844.33819444, 7.529202E+03, 3.433486E+01, 261.549717, 109.737361, 90.000000
 31844.33888889, 7.579300E+03, 3.397606E+01, 261.638202, 110.096309, 90.000000
 31844.33958333, 7.628793E+03, 3.361963E+01, 261.720939, 110.451529, 90.000000
 31844.34027778, 7.677681E+03, 3.326553E+01, 261.798129, 110.803104, 90.000000
 31844.34097222, 7.725968E+03, 3.291372E+01, 261.869966, 111.151116, 90.000000
 31844.34166667, 7.773656E+03, 3.256417E+01, 261.936632, 111.495644, 90.000000
 31844.34236111, 7.820747E+03, 3.221682E+01, 261.998303, 111.836766, 90.000000
 31844.34305555, 7.867244E+03, 3.187165E+01, 262.055149, 112.174555, 90.000000
 31844.34375000, 7.913149E+03, 3.152860E+01, 262.107329, 112.509084, 90.000000
 31844.34444444, 7.958464E+03, 3.118765E+01, 262.155000, 112.840423, 90.000000
 31844.34513889, 8.003192E+03, 3.084875E+01, 262.198308, 113.168640, 90.000000
 31844.34583333, 8.047335E+03, 3.051187E+01, 262.237396, 113.493801, 90.000000
 31844.34652778, 8.090895E+03, 3.017696E+01, 262.272400, 113.815970, 90.000000
 31844.34722222, 8.133874E+03, 2.984400E+01, 262.303452, 114.135209, 90.000000
 31844.34791667, 8.176275E+03, 2.951293E+01, 262.330676, 114.451579, 90.000000
 31844.34861111, 8.218099E+03, 2.918373E+01, 262.354194, 114.765139, 90.000000
 31844.34930555, 8.259349E+03, 2.885636E+01, 262.374121, 115.075945, 90.000000
 31844.35000000, 8.300026E+03, 2.853078E+01, 262.390569, 115.384053, 90.000000
 31844.35069444, 8.340133E+03, 2.820696E+01, 262.403647, 115.689517, 90.000000
 31844.35138889, 8.379672E+03, 2.788486E+01, 262.413456, 115.992389, 90.000000
 31844.35208333, 8.418644E+03, 2.756445E+01, 262.420097, 116.292720, 90.000000
 31844.35277778, 8.457053E+03, 2.724570E+01, 262.423665, 116.590560, 90.000000
 31844.35347222, 8.494898E+03, 2.692856E+01, 262.424254, 116.885956, 90.000000
 31844.35416667, 8.532184E+03, 2.661301E+01, 262.421951, 117.178956, 90.000000
 31844.35486111, 8.568910E+03, 2.629902E+01, 262.416844, 117.469604, 90.000000
 31844.35555555, 8.605080E+03, 2.598654E+01, 262.409015, 117.757946, 90.000000
 31844.35625000, 8.640694E+03, 2.567556E+01, 262.398544, 118.044024, 90.000000
 31844.35694444, 8.675756E+03, 2.536604E+01, 262.385508, 118.327880, 90.000000
 31844.35763889, 8.710265E+03, 2.505794E+01, 262.369983, 118.609555, 90.000000
 31844.35833333, 8.744225E+03, 2.475124E+01, 262.352040, 118.889088, 90.000000
 31844.35902778, 8.777637E+03, 2.444591E+01, 262.331749, 119.166519, 90.000000
 31844.35972222, 8.810503E+03, 2.414191E+01, 262.309178, 119.441885, 90.000000
 31844.36041667, 8.842823E+03, 2.383923E+01, 262.284393, 119.715222, 90.000000
 31844.36111111, 8.874600E+03, 2.353782E+01, 262.257456, 119.986566, 90.000000
 31844.36180555, 8.905835E+03, 2.323766E+01, 262.228429, 120.255951, 90.000000
 31844.36250000, 8.936531E+03, 2.293873E+01, 262.197371, 120.523412, 90.000000
 31844.36319444, 8.966687E+03, 2.264099E+01, 262.164340, 120.788982, 90.000000
 31844.36388889, 8.996306E+03, 2.234441E+01, 262.129392, 121.052691, 90.000000
 31844.36458333, 9.025390E+03, 2.204898E+01, 262.092580, 121.314572, 90.000000
 31844.36527778, 9.053939E+03, 2.175466E+01, 262.053958, 121.574655, 90.000000
 31844.36597222, 9.081955E+03, 2.146143E+01, 262.013576, 121.832970, 90.000000
 31844.36666667, 9.109440E+03, 2.116926E+01, 261.971483, 122.089544, 90.000000
 31844.36736111, 9.136394E+03, 2.087812E+01, 261.927729, 122.344407, 90.000000
 31844.36805555, 9.162820E+03, 2.058800E+01, 261.882359, 122.597585, 90.000000
 31844.36875000, 9.188717E+03, 2.029886E+01, 261.835419, 122.849105, 90.000000
 31844.36944444, 9.214089E+03, 2.001068E+01, 261.786954, 123.098993, 90.000000
 31844.37013889, 9.238935E+03, 1.972344E+01, 261.737006, 123.347274, 90.000000
 31844.37083333, 9.263257E+03, 1.943711E+01, 261.685617, 123.593973, 90.000000
 31844.37152778, 9.287056E+03, 1.915167E+01, 261.632828, 123.839113, 90.000000
 31844.37222222, 9.310334E+03, 1.886709E+01, 261.578678, 124.082718, 90.000000
 31844.37291667, 9.333090E+03, 1.858335E+01, 261.523207, 124.324810, 90.000000
 31844.37361111, 9.355328E+03, 1.830044E+01, 261.466452, 124.565411, 90.000000
 31844.37430555, 9.377047E+03, 1.801831E+01, 261.408450, 124.804542, 90.000000
 31844.37500000, 9.398249E+03, 1.773696E+01, 261.349236, 125.042225, 90.000000
 31844.37569444, 9.418934E+03, 1.745637E+01, 261.288846, 125.278480, 90.000000
 31844.37638889, 9.439104E+03, 1.717650E+01, 261.227314, 125.513326, 90.000000
 31844.37708333, 9.458759E+03, 1.689734E+01, 261.164673, 125.746783, 90.000000
 31844.37777778, 9.477901E+03, 1.661886E+01, 261.100957, 125.978868, 90.000000
 31844.37847222, 9.496530E+03, 1.634105E+01, 261.036196, 126.209601, 90.000000
 31844.37916667, 9.514648E+03, 1.606388E+01, 260.970422, 126.438998, 90.000000
 31844.37986111, 9.532255E+03, 1.578733E+01, 260.903666, 126.667077, 90.000000
 31844.38055555, 9.549352E+03, 1.551138E+01, 260.835957, 126.893854, 90.000000
 31844.38125000, 9.565939E+03, 1.523602E+01, 260.767326, 127.119345, 90.000000
 31844.38194444, 9.582018E+03, 1.496121E+01, 260.697799, 127.343566, 90.000000
 31844.38263889, 9.597590E+03, 1.468694E+01, 260.627406, 127.566531, 90.000000
 31844.38333333, 9.612654E+03, 1.441320E+01, 260.556175, 127.788257, 90.000000
 31844.38402778, 9.627212E+03, 1.413995E+01, 260.484131, 128.008755, 90.000000
 31844.38472222, 9.641265E+03, 1.386718E+01, 260.411302, 128.228041, 90.000000
 31844.38541667, 9.654813E+03, 1.359488E+01, 260.337714, 128.446127, 90.000000
 31844.38611111, 9.667856E+03, 1.332301E+01, 260.263392, 128.663026, 90.000000
 31844.38680555, 9.680396E+03, 1.305157E+01, 260.188361, 128.878751, 90.000000
 31844.38750000, 9.692433E+03, 1.278053E+01, 260.112647, 129.093313, 90.000000
 31844.38819444, 9.703967E+03, 1.250987E+01, 260.036273, 129.306724, 90.000000
 31844.38888889, 9.714999E+03, 1.223958E+01, 259.959263, 129.518995, 90.000000
 31844.38958333, 9.725530E+03, 1.196963E+01, 259.881641, 129.730136, 90.000000
 31844.39027778, 9.735560E+03, 1.170000E+01, 259.803430, 129.940157, 90.000000
 31844.39097222, 9.745089E+03, 1.143069E+01, 259.724653, 130.149069, 90.000000
 31844.39166667, 9.754119E+03, 1.116166E+01, 259.645332, 130.356880, 90.000000
 31844.39236111, 9.762649E+03, 1.089291E+01, 259.565490, 130.563600, 90.000000
 31844.39305555, 9.770679E+03, 1.062441E+01, 259.485149, 130.769237, 90.000000
 31844.39375000, 9.778211E+03, 1.035614E+01, 259.404329, 130.973798, 90.000000
 31844.39444444, 9.785244E+03, 1.008809E+01, 259.323053, 131.177293, 90.000000
 31844.39513889, 9.791779E+03, 9.820232E+00, 259.241342, 131.379727, 90.000000
 31844.39583333, 9.797816E+03, 9.552555E+00, 259.159217, 131.581108, 90.000000
 31844.39652778, 9.803355E+03, 9.285040E+00, 259.076697, 131.781442, 90.000000
 31844.39722222, 9.808397E+03, 9.017667E+00, 258.993805, 131.980735, 90.000000
 31844.39791667, 9.812942E+03, 8.750420E+00, 258.910559, 132.178993, 90.000000
 31844.39861111, 9.816990E+03, 8.483279E+00, 258.826980, 132.376220, 90.000000
 31844.39930555, 9.820542E+03, 8.216227E+00, 258.743089, 132.572423, 90.000000
 31844.40000000, 9.823597E+03, 7.949245E+00, 258.658904, 132.767604, 90.000000
 31844.40069444, 9.826155E+03, 7.682317E+00, 258.574445, 132.961768, 90.000000
 31844.40138889, 9.828218E+03, 7.415423E+00, 258.489732, 133.154918, 90.000000
 31844.40208333, 9.829784E+03, 7.148547E+00, 258.404784, 133.347058, 90.000000
 31844.40277778, 9.830854E+03, 6.881669E+00, 258.319621, 133.538190, 90.000000
 31844.40347222, 9.831428E+03, 6.614773E+00, 258.234260, 133.728316, 90.000000
 31844.40416667, 9.831506E+03, 6.347839E+00, 258.148723, 133.917439, 90.000000
 31844.40486111, 9.831088E+03, 6.080851E+00, 258.063026, 134.105559, 90.000000
 31844.40555555, 9.830174E+03, 5.813789E+00, 257.977190, 134.292677, 90.000000
 31844.40625000, 9.828763E+03, 5.546637E+00, 257.891233, 134.478794, 90.000000
 31844.40694444, 9.826857E+03, 5.279376E+00, 257.805174, 134.663910, 90.000000
 31844.40763889, 9.824455E+03, 5.011987E+00, 257.719032, 134.848024, 90.000000
 31844.40833333, 9.821556E+03, 4.744453E+00, 257.632824, 135.031135, 90.000000
 31844.40902778, 9.818161E+03, 4.476755E+00, 257.546571, 135.213243, 90.000000
 31844.40972222, 9.814269E+03, 4.208876E+00, 257.460290, 135.394345, 90.000000
 31844.41041667, 9.809881E+03, 3.940796E+00, 257.374001, 135.574439, 90.000000
 31844.41111111, 9.804995E+03, 3.672497E+00, 257.287722, 135.753522, 90.000000
 31844.41180555, 9.799613E+03, 3.403962E+00, 257.201471, 135.931590, 90.000000
 31844.41250000, 9.793733E+03, 3.135170E+00, 257.115268, 136.108641, 90.000000
 31844.41319444, 9.787355E+03, 2.866104E+00, 257.029131, 136.284669, 90.000000
 31844.41388889, 9.780480E+03, 2.596745E+00, 256.943080, 136.459670, 90.000000
 31844.41458333, 9.773106E+03, 2.327073E+00, 256.857132, 136.633638, 90.000000
 31844.41527778, 9.765233E+03, 2.057071E+00, 256.771308, 136.806568, 90.000000
 31844.41597222, 9.756862E+03, 1.786718E+00, 256.685626, 136.978452, 90.000000
 31844.41666667, 9.747991E+03, 1.515996E+00, 256.600106, 137.149284, 90.000000
 31844.41736111, 9.738620E+03, 1.244884E+00, 256.514766, 137.319057, 90.000000
 31844.41805555, 9.728749E+03, 9.733648E-01, 256.429627, 137.487762, 90.000000
 31844.41875000, 9.718378E+03, 7.014173E-01, 256.344708, 137.655389, 90.000000
 31844.41944444, 9.707505E+03, 4.290220E-01, 256.260028, 137.821931, 90.000000
 31844.42013889, 9.696131E+03, 1.561589E-01, 256.175608, 137.987376, 90.000000
 31844.42083333, 9.684255E+03, -1.171921E-01, 256.091467, 138.151714, 90.000000
 31844.42152778, 9.671876E+03, -3.910512E-01, 256.007627, 138.314934, 90.000000
 31844.42222222, 9.658993E+03, -6.654390E-01, 255.924107, 138.477024, 90.000000
 31844.42291667, 9.645607E+03, -9.403762E-01, 255.840928, 138.637970, 90.000000
 31844.42361111, 9.631717E+03, -1.215883E+00, 255.758111, 138.797761, 90.000000
 31844.42430555, 9.617321E+03, -1.491982E+00, 255.675677, 138.956380, 90.000000
 31844.42500000, 9.602420E+03, -1.768693E+00, 255.593648, 139.113815, 90.000000
 31844.42569444, 9.587012E+03, -2.046038E+00, 255.512045, 139.270048, 90.000000
 31844.42638889, 9.571097E+03, -2.324039E+00, 255.430891, 139.425064, 90.000000
 31844.42708333, 9.554674E+03, -2.602718E+00, 255.350207, 139.578846, 90.000000
 31844.42777778, 9.537742E+03, -2.882096E+00, 255.270017, 139.731375, 90.000000
 31844.42847222, 9.520301E+03, -3.162197E+00, 255.190342, 139.882634, 90.000000
 31844.42916667, 9.502350E+03, -3.443043E+00, 255.111207, 140.032601, 90.000000
 31844.42986111, 9.483887E+03, -3.724658E+00, 255.032635, 140.181257, 90.000000
 31844.43055555, 9.464913E+03, -4.007063E+00, 254.954651, 140.328580, 90.000000
 31844.43125000, 9.445426E+03, -4.290284E+00, 254.877278, 140.474548, 90.000000
 31844.43194444, 9.425425E+03, -4.574344E+00, 254.800541, 140.619137, 90.000000
 31844.43263889, 9.404909E+03, -4.859267E+00, 254.724467, 140.762324, 90.000000
 31844.43333333, 9.383878E+03, -5.145077E+00, 254.649080, 140.904083, 90.000000
 31844.43402778, 9.362329E+03, -5.431801E+00, 254.574407, 141.044388, 90.000000
 31844.43472222, 9.340264E+03, -5.719462E+00, 254.500474, 141.183212, 90.000000
 31844.43541667, 9.317679E+03, -6.008086E+00, 254.427310, 141.320526, 90.000000
 31844.43611111, 9.294575E+03, -6.297700E+00, 254.354942, 141.456300, 90.000000
 31844.43680555, 9.270950E+03, -6.588329E+00, 254.283398, 141.590505, 90.000000
 31844.43750000, 9.246803E+03, -6.880001E+00, 254.212708, 141.723108, 90.000000
 31844.43819444, 9.222132E+03, -7.172742E+00, 254.142901, 141.854076, 90.000000
 31844.43888889, 9.196938E+03, -7.466581E+00, 254.074007, 141.983375, 90.000000
 31844.43958333, 9.171218E+03, -7.761544E+00, 254.006058, 142.110970, 90.000000
 31844.44027778, 9.144971E+03, -8.057661E+00, 253.939086, 142.236824, 90.000000
 31844.44097222, 9.118196E+03, -8.354961E+00, 253.873123, 142.360898, 90.000000
 31844.44166667, 9.090892E+03, -8.653472E+00, 253.808202, 142.483154, 90.000000
 31844.44236111, 9.063057E+03, -8.953225E+00, 253.744357, 142.603551, 90.000000
 31844.44305555, 9.034690E+03, -9.254250E+00, 253.681625, 142.722045, 90.000000
 31844.44375000, 9.005790E+03, -9.556578E+00, 253.620040, 142.838594, 90.000000
 31844.44444444, 8.976355E+03, -9.860240E+00, 253.559639, 142.953152, 90.000000
 31844.44513889, 8.946384E+03, -1.016527E+01, 253.500461, 143.065673, 90.000000
 31844.44583333, 8.915876E+03, -1.047170E+01, 253.442543, 143.176106, 90.000000
 31844.44652778, 8.884828E+03, -1.077956E+01, 253.385927, 143.284404, 90.000000
 31844.44722222, 8.853240E+03, -1.108888E+01, 253.330653, 143.390513, 90.000000
 31844.44791667, 8.821110E+03, -1.139971E+01, 253.276763, 143.494381, 90.000000
 31844.44861111, 8.788436E+03, -1.171207E+01, 253.224301, 143.595952, 90.000000
 31844.44930555, 8.755217E+03, -1.202600E+01, 253.173312, 143.695169, 90.000000
 31844.45000000, 8.721452E+03, -1.234154E+01, 253.123841, 143.791972, 90.000000
 31844.45069444, 8.687137E+03, -1.265872E+01, 253.075936, 143.886302, 90.000000
 31844.45138889, 8.652273E+03, -1.297759E+01, 253.029647, 143.978095, 90.000000
 31844.45208333, 8.616856E+03, -1.329818E+01, 252.985022, 144.067286, 90.000000
 31844.45277778, 8.580886E+03, -1.362052E+01, 252.942115, 144.153809, 90.000000
 31844.45347222, 8.544361E+03, -1.394467E+01, 252.900979, 144.237593, 90.000000
 31844.45416667, 8.507278E+03, -1.427066E+01, 252.861670, 144.318569, 90.000000
 31844.45486111, 8.469636E+03, -1.459853E+01, 252.824244, 144.396663, 90.000000
 31844.45555555, 8.431434E+03, -1.492832E+01, 252.788762, 144.471798, 90.000000
 31844.45625000, 8.392668E+03, -1.526009E+01, 252.755284, 144.543897, 90.000000
 31844.45694444, 8.353338E+03, -1.559387E+01, 252.723873, 144.612880, 90.000000
 31844.45763889, 8.313442E+03, -1.592970E+01, 252.694595, 144.678663, 90.000000
 31844.45833333, 8.272976E+03, -1.626765E+01, 252.667518, 144.741161, 90.000000
 31844.45902778, 8.231941E+03, -1.660774E+01, 252.642712, 144.800287, 90.000000
 31844.45972222, 8.190332E+03, -1.695004E+01, 252.620251, 144.855948, 90.000000
 31844.46041667, 8.148149E+03, -1.729458E+01, 252.600209, 144.908053, 90.000000
 31844.46111111, 8.105389E+03, -1.764143E+01, 252.582665, 144.956506, 90.000000
 31844.46180555, 8.062051E+03, -1.799062E+01, 252.567700, 145.001207, 90.000000
 31844.46250000, 8.018131E+03, -1.834222E+01, 252.555398, 145.042054, 90.000000
 31844.46319444, 7.973628E+03, -1.869629E+01, 252.545848, 145.078944, 90.000000
 31844.46388889, 7.928540E+03, -1.905286E+01, 252.539141, 145.111768, 90.000000
 31844.46458333, 7.882864E+03, -1.941200E+01, 252.535371, 145.140416, 90.000000
 31844.46527778, 7.836598E+03, -1.977378E+01, 252.534637, 145.164773, 90.000000
 31844.46597222, 7.789740E+03, -2.013823E+01, 252.537041, 145.184724, 90.000000
 31844.46666667, 7.742288E+03, -2.050544E+01, 252.542692, 145.200147, 90.000000
 31844.46736111, 7.694239E+03, -2.087545E+01, 252.551699, 145.210918, 90.000000
 31844.46805555, 7.645591E+03, -2.124834E+01, 252.564180, 145.216911, 90.000000
 31844.46875000, 7.596342E+03, -2.162415E+01, 252.580255, 145.217995, 90.000000
 31844.46944444, 7.546488E+03, -2.200298E+01, 252.600051, 145.214036, 90.000000
 31844.47013889, 7.496029E+03, -2.238487E+01, 252.623701, 145.204895, 90.000000
 31844.47083333, 7.444960E+03, -2.276989E+01, 252.651342, 145.190431, 90.000000
 31844.47152778, 7.393281E+03, -2.315813E+01, 252.683119, 145.170499, 90.000000
 31844.47222222, 7.340987E+03, -2.354964E+01, 252.719182, 145.144948, 90.000000
 31844.47291667, 7.288078E+03, -2.394451E+01, 252.759690, 145.113626, 90.000000
 31844.47361111, 7.234550E+03, -2.434281E+01, 252.804809, 145.076373, 90.000000
 31844.47430555, 7.180401E+03, -2.474462E+01, 252.854712, 145.033030, 90.000000
 31844.47500000, 7.125629E+03, -2.515001E+01, 252.909582, 144.983428, 90.000000
 31844.47569444, 7.070230E+03, -2.555906E+01, 252.969608, 144.927398, 90.000000
 31844.47638889, 7.014202E+03, -2.597186E+01, 253.034992, 144.864763, 90.000000
 31844.47708333, 6.957543E+03, -2.638850E+01, 253.105945, 144.795344, 90.000000
 31844.47777778, 6.900250E+03, -2.680905E+01, 253.182688, 144.718955, 90.000000
 31844.47847222, 6.842321E+03, -2.723360E+01, 253.265453, 144.635407, 90.000000
 31844.47916667, 6.783753E+03, -2.766225E+01, 253.354488, 144.544503, 90.000000
 31844.47986111, 6.724544E+03, -2.809508E+01, 253.450050, 144.446044, 90.000000
 31844.48055555, 6.664691E+03, -2.853218E+01, 253.552413, 144.339823, 90.000000
 31844.48125000, 6.604191E+03, -2.897366E+01, 253.661862, 144.225628, 90.000000
 31844.48194444, 6.543042E+03, -2.941960E+01, 253.778704, 144.103242, 90.000000
 31844.48263889, 6.481242E+03, -2.987011E+01, 253.903259, 143.972439, 90.000000
 31844.48333333, 6.418788E+03, -3.032528E+01, 254.035866, 143.832991, 90.000000
 31844.48402778, 6.355679E+03, -3.078521E+01, 254.176884, 143.684659, 90.000000
 31844.48472222, 6.291910E+03, -3.125001E+01, 254.326695, 143.527201, 90.000000
 31844.48541667, 6.227481E+03, -3.171978E+01, 254.485702, 143.360363, 90.000000
 31844.48611111, 6.162389E+03, -3.219461E+01, 254.654334, 143.183889, 90.000000
 31844.48680555, 6.096632E+03, -3.267462E+01, 254.833044, 142.997511, 90.000000
 31844.48750000, 6.030208E+03, -3.315992E+01, 255.022316, 142.800955, 90.000000
 31844.48819444, 5.963114E+03, -3.365059E+01, 255.222664, 142.593937, 90.000000
 31844.48888889, 5.895350E+03, -3.414676E+01, 255.434635, 142.376164, 90.000000
 31844.48958333, 5.826912E+03, -3.464853E+01, 255.658813, 142.147335, 90.000000
 31844.49027778, 5.757800E+03, -3.515599E+01, 255.895820, 141.907138, 90.000000
 31844.49097222, 5.688013E+03, -3.566925E+01, 256.146319, 141.655250, 90.000000
 31844.49166667, 5.617547E+03, -3.618842E+01, 256.411021, 141.391337, 90.000000
 31844.49236111, 5.546404E+03, -3.671358E+01, 256.690684, 141.115054, 90.000000
 31844.49305555, 5.474580E+03, -3.724484E+01, 256.986122, 140.826044, 90.000000
 31844.49375000, 5.402076E+03, -3.778228E+01, 257.298205, 140.523936, 90.000000
 31844.49444444, 5.328892E+03, -3.832599E+01, 257.627869, 140.208345, 90.000000
 31844.49513889, 5.255026E+03, -3.887604E+01, 257.976116, 139.878873, 90.000000
 31844.49583333, 5.180478E+03, -3.943249E+01, 258.344026, 139.535104, 90.000000
 31844.49652778, 5.105249E+03, -3.999542E+01, 258.732760, 139.176607, 90.000000
 31844.49722222, 5.029340E+03, -4.056486E+01, 259.143568, 138.802935, 90.000000
 31844.49791667, 4.952751E+03, -4.114084E+01, 259.577799, 138.413619, 90.000000
 31844.49861111, 4.875484E+03, -4.172338E+01, 260.036908, 138.008174, 90.000000
 31844.49930555, 4.797541E+03, -4.231247E+01, 260.522466, 137.586093, 90.000000
 31844.50000000, 4.718923E+03, -4.290808E+01, 261.036174, 137.146845, 90.000000
 31844.50069444, 4.639633E+03, -4.351015E+01, 261.579871, 136.689877, 90.000000
 31844.50138889, 4.559676E+03, -4.411859E+01, 262.155550, 136.214612, 90.000000
 31844.50208333, 4.479054E+03, -4.473327E+01, 262.765370, 135.720445, 90.000000
 31844.50277778, 4.397774E+03, -4.535402E+01, 263.411674, 135.206742, 90.000000
 31844.50347222, 4.315839E+03, -4.598060E+01, 264.097007, 134.672841, 90.000000
 31844.50416667, 4.233256E+03, -4.661273E+01, 264.824130, 134.118046, 90.000000
 31844.50486111, 4.150034E+03, -4.725006E+01, 265.596042, 133.541629, 90.000000
 31844.50555555, 4.066179E+03, -4.789214E+01, 266.416005, 132.942824, 90.000000
 31844.50625000, 3.981701E+03, -4.853843E+01, 267.287560, 132.320827, 90.000000
 31844.50694444, 3.896611E+03, -4.918829E+01, 268.214553, 131.674795, 90.000000
 31844.50763889, 3.810921E+03, -4.984095E+01, 269.201160, 131.003840, 90.000000
 31844.50833333, 3.724643E+03, -5.049548E+01, 270.251905, 130.307027, 90.000000
 31844.50902778, 3.637794E+03, -5.115078E+01, 271.371688, 129.583374, 90.000000
 31844.50972222, 3.550388E+03, -5.180556E+01, 272.565798, 128.831848, 90.000000
 31844.51041667, 3.462447E+03, -5.245830E+01, 273.839932, 128.051361, 90.000000
 31844.51111111, 3.373988E+03, -5.310721E+01, 275.200196, 127.240764, 90.000000
 31844.51180555, 3.285037E+03, -5.375020E+01, 276.653106, 126.398853, 90.000000
 31844.51250000, 3.195618E+03, -5.438483E+01, 278.205563, 125.524355, 90.000000
 31844.51319444, 3.105760E+03, -5.500827E+01, 279.864811, 124.615932, 90.000000
 31844.51388889, 3.015494E+03, -5.561726E+01, 281.638369, 123.672176, 90.000000
 31844.51458333, 2.924855E+03, -5.620800E+01, 283.533921, 122.691603, 90.000000
 31844.51527778, 2.833881E+03, -5.677616E+01, 285.559154, 121.672655, 90.000000
 31844.51597222, 2.742616E+03, -5.731680E+01, 287.721548, 120.613693, 90.000000
 31844.51666667, 2.651105E+03, -5.782428E+01, 290.028087, 119.512998, 90.000000
 31844.51736111, 2.559401E+03, -5.829228E+01, 292.484897, 118.368767, 90.000000
 31844.51805555, 2.467560E+03, -5.871370E+01, 295.096796, 117.179110, 90.000000
 31844.51875000, 2.375647E+03, -5.908072E+01, 297.866772, 115.942056, 90.000000
 31844.51944444, 2.283730E+03, -5.938476E+01, 300.795399, 114.655549, 90.000000
 31844.52013889, 2.191886E+03, -5.961658E+01, 303.880223, 113.317451, 90.000000
 31844.52083333, 2.100198E+03, -5.976635E+01, 307.115182, 111.925548, 90.000000
 31844.52152778, 2.008760E+03, -5.982386E+01, 310.490124, 110.477559, 90.000000
 31844.52222222, 1.917673E+03, -5.977865E+01, 313.990527, 108.971142, 90.000000
 31844.52291667, 1.827049E+03, -5.962034E+01, 317.597488, 107.403911, 90.000000
 31844.52361111, 1.737008E+03, -5.933887E+01, 321.288072, 105.773455, 90.000000
 31844.52430555, 1.647684E+03, -5.892478E+01, 325.036047, 104.077365, 90.000000
 31844.52500000, 1.559223E+03, -5.836950E+01, 328.812952, 102.313261, 90.000000
 31844.52569444, 1.471784E+03, -5.766560E+01, 332.589435, 100.478842, 90.000000
 31844.52638889, 1.385538E+03, -5.680689E+01, 336.336694, 98.571929, 90.000000
 31844.52708333, 1.300674E+03, -5.578859E+01, 340.027849, 96.590537, 90.000000
 31844.52777778, 1.217393E+03, -5.460728E+01, 343.639111, 94.532949, 90.000000
 31844.52847222, 1.135915E+03, -5.326091E+01, 347.150605, 92.397810, 90.000000
 31844.52916667, 1.056477E+03, -5.174867E+01, 350.546832, 90.184240, 90.000000
 31844.52986111, 9.793334E+02, -5.007094E+01, 353.816767, 87.891959, 90.000000
 31844.53055555, 9.047573E+02, -4.822917E+01, 356.953656, 85.521432, 90.000000
 31844.53125000, 8.330416E+02, -4.622583E+01, 359.954610, 83.074027, 90.000000
 31844.53194444, 7.644988E+02, -4.406435E+01, 2.820084, 80.552176, 90.000000
 31844.53263889, 6.994601E+02, -4.174917E+01, 5.553310, 77.959548, 90.000000
 31844.53333333, 6.382736E+02, -3.928574E+01, 8.159767, 75.301207, 90.000000
 31844.53402778, 5.813004E+02, -3.668054E+01, 10.646692, 72.583773, 90.000000
 31844.53472222, 5.289076E+02, -3.394118E+01, 13.022671, 69.815557, 90.000000
 31844.53541667, 4.814584E+02, -3.107636E+01, 15.297286, 67.006709, 90.000000
 31844.53611111, 4.392987E+02, -2.809592E+01, 17.480809, 64.169361, 90.000000
 31844.53680555, 4.027406E+02, -2.501079E+01, 19.583918, 61.317810, 90.000000
 31844.53750000, 3.720451E+02, -2.183292E+01, 21.617422, 58.468754, 90.000000
 31844.53819444, 3.474069E+02, -1.857528E+01, 23.591979, 55.641588, 90.000000
 31844.53888889, 3.289429E+02, -1.525171E+01, 25.517830, 52.858753, 90.000000
 31844.53958333, 3.166899E+02, -1.187688E+01, 27.404558, 50.146086, 90.000000
 31844.54027778, 3.106098E+02, -8.466129E+00, 29.260909, 47.533061, 90.000000
 31844.54097222, 3.106043E+02, -5.035343E+00, 31.094707, 45.052803, 90.000000
 31844.54166667, 3.165343E+02, -1.600687E+00, 32.912880, 42.741690, 90.000000
 31844.54236111, 3.282407E+02, 1.821679E+00, 34.721587, 40.638367, 90.000000
 31844.54305555, 3.455620E+02, 5.215940E+00, 36.526429, 38.782026, 90.000000
 31844.54375000, 3.683446E+02, 8.566987E+00, 38.332691, 37.209869, 90.000000
 31844.54444444, 3.964453E+02, 1.186073E+01, 40.145597, 35.953887, 90.000000
 31844.54513889, 4.297269E+02, 1.508437E+01, 41.970499, 35.037342, 90.000000
 31844.54583333, 4.680487E+02, 1.822652E+01, 43.813017, 34.471664, 90.000000
 31844.54652778, 5.112567E+02, 2.127731E+01, 45.679080, 34.254617, 90.000000
 31844.54722222, 5.591747E+02, 2.422833E+01, 47.574896, 34.370355, 90.000000
 31844.54791667, 6.115996E+02, 2.707256E+01, 49.506869, 34.791459, 90.000000
 31844.54861111, 6.683001E+02, 2.980425E+01, 51.481458, 35.482385, 90.000000
 31844.54930555, 7.290205E+02, 3.241880E+01, 53.505024, 36.403403, 90.000000
 31844.55000000, 7.934857E+02, 3.491257E+01, 55.583663, 37.514163, 90.000000
 31844.55069444, 8.614088E+02, 3.728284E+01, 57.723038, 38.776368, 90.000000
 31844.55138889, 9.324979E+02, 3.952762E+01, 59.928220, 40.155419, 90.000000
 31844.55208333, 1.006464E+03, 4.164559E+01, 62.203517, 41.621197, 90.000000
 31844.55277778, 1.083024E+03, 4.363603E+01, 64.552317, 43.148193, 90.000000
 31844.55347222, 1.161907E+03, 4.549871E+01, 66.976921, 44.715261, 90.000000
 31844.55416667, 1.242858E+03, 4.723387E+01, 69.478372, 46.305165, 90.000000
