 MJD, Altitude, Latitude, Longitude, SPS, Alpha
 31844.00000000, 3.459000E+02, 0.000000E+00, 223.942534, 41.454815, 90.000000
 31844.00069444, 3.490097E+02, 3.404820E+00, 225.635247, 39.563907, 90.000000
 31844.00138889, 3.584349E+02, 6.792863E+00, 227.316568, 37.948107, 90.000000
 31844.00208333, 3.742565E+02, 1.014955E+01, 228.994834, 36.640438, 90.000000
 31844.00277778, 3.964592E+02, 1.346097E+01, 230.678991, 35.666242, 90.000000
 31844.00347222, 4.249272E+02, 1.671404E+01, 232.378364, 35.040235, 90.000000
 31844.00416667, 4.594513E+02, 1.989654E+01, 234.102397, 34.764402, 90.000000
 31844.00486111, 4.997447E+02, 2.299725E+01, 235.860421, 34.827411, 90.000000
 31844.00555556, 5.454643E+02, 2.600600E+01, 237.661475, 35.205874, 90.000000
 31844.00625000, 5.962332E+02, 2.891380E+01, 239.514179, 35.867169, 90.000000
 31844.00694444, 6.516597E+02, 3.171288E+01, 241.426677, 36.773090, 90.000000
 31844.00763889, 7.113536E+02, 3.439666E+01, 243.406602, 37.883470, 90.000000
 31844.00833333, 7.749367E+02, 3.695978E+01, 245.461064, 39.159142, 90.000000
 31844.00902778, 8.420494E+02, 3.939797E+01, 247.596616, 40.563961, 90.000000
 31844.00972222, 9.123535E+02, 4.170795E+01, 249.819195, 42.065921, 90.000000
 31844.01041667, 9.855337E+02, 4.388733E+01, 252.134012, 43.637556, 90.000000
 31844.01111111, 1.061297E+03, 4.593444E+01, 254.545399, 45.255860, 90.000000
 31844.01180556, 1.139370E+03, 4.784823E+01, 257.056595, 46.901924, 90.000000
 31844.01250000, 1.219501E+03, 4.962817E+01, 259.669495, 48.560454, 90.000000
 31844.01319444, 1.301454E+03, 5.127419E+01, 262.384360, 50.219245, 90.000000
 31844.01388889, 1.385014E+03, 5.278665E+01, 265.199522, 51.868684, 90.000000
 31844.01458333, 1.469978E+03, 5.416630E+01, 268.111101, 53.501302, 90.000000
 31844.01527778, 1.556161E+03, 5.541433E+01, 271.112767, 55.111384, 90.000000
 31844.01597222, 1.643390E+03, 5.653241E+01, 274.195595, 56.694635, 90.000000
 31844.01666667, 1.731508E+03, 5.752272E+01, 277.348035, 58.247911, 90.000000
 31844.01736111, 1.820369E+03, 5.838803E+01, 280.556040, 59.768987, 90.000000
 31844.01805556, 1.909838E+03, 5.913170E+01, 283.803362, 61.256373, 90.000000
 31844.01875000, 1.999795E+03, 5.975776E+01, 287.072012, 62.709165, 90.000000
 31844.01944444, 2.090126E+03, 6.027087E+01, 290.342870, 64.126920, 90.000000
 31844.02013889, 2.180729E+03, 6.067631E+01, 293.596390, 65.509557, 90.000000
 31844.02083333, 2.271511E+03, 6.097989E+01, 296.813343, 66.857279, 90.000000
 31844.02152778, 2.362387E+03, 6.118790E+01, 299.975523, 68.170506, 90.000000
 31844.02222222, 2.453278E+03, 6.130695E+01, 303.066369, 69.449823, 90.000000
 31844.02291667, 2.544116E+03, 6.134385E+01, 306.071438, 70.695942, 90.000000
 31844.02361111, 2.634835E+03, 6.130551E+01, 308.978720, 71.909664, 90.000000
 31844.02430556, 2.725378E+03, 6.119878E+01, 311.778770, 73.091854, 90.000000
 31844.02500000, 2.815692E+03, 6.103034E+01, 314.464697, 74.243420, 90.000000
 31844.02569444, 2.905728E+03, 6.080663E+01, 317.032025, 75.365294, 90.000000
 31844.02638889, 2.995444E+03, 6.053375E+01, 319.478456, 76.458423, 90.000000
 31844.02708333, 3.084801E+03, 6.021741E+01, 321.803584, 77.523753, 90.000000
 31844.02777778, 3.173762E+03, 5.986293E+01, 324.008589, 78.562224, 90.000000
 31844.02847222, 3.262296E+03, 5.947518E+01, 326.095919, 79.574762, 90.000000
 31844.02916667, 3.350373E+03, 5.905860E+01, 328.069008, 80.562277, 90.000000
 31844.02986111, 3.437968E+03, 5.861721E+01, 329.932011, 81.525655, 90.000000
 31844.03055556, 3.525056E+03, 5.815462E+01, 331.689579, 82.465759, 90.000000
 31844.03125000, 3.611617E+03, 5.767408E+01, 333.346674, 83.383427, 90.000000
 31844.03194444, 3.697632E+03, 5.717846E+01, 334.908413, 84.279468, 90.000000
 31844.03263889, 3.783082E+03, 5.667033E+01, 336.379952, 85.154664, 90.000000
 31844.03333333, 3.867954E+03, 5.615194E+01, 337.766389, 86.009768, 90.000000
 31844.03402778, 3.952232E+03, 5.562530E+01, 339.072698, 86.845505, 90.000000
 31844.03472222, 4.035905E+03, 5.509216E+01, 340.303683, 87.662574, 90.000000
 31844.03541667, 4.118962E+03, 5.455406E+01, 341.463939, 88.461643, 90.000000
 31844.03611111, 4.201393E+03, 5.401234E+01, 342.557836, 89.243356, 90.000000
 31844.03680556, 4.283189E+03, 5.346818E+01, 343.589506, 90.008331, 90.000000
 31844.03750000, 4.364343E+03, 5.292262E+01, 344.562841, 90.757158, 90.000000
 31844.03819444, 4.444848E+03, 5.237653E+01, 345.481493, 91.490404, 90.000000
 31844.03888889, 4.524699E+03, 5.183070E+01, 346.348882, 92.208614, 90.000000
 31844.03958333, 4.603890E+03, 5.128579E+01, 347.168201, 92.912308, 90.000000
 31844.04027778, 4.682417E+03, 5.074238E+01, 347.942430, 93.601984, 90.000000
 31844.04097222, 4.760276E+03, 5.020097E+01, 348.674344, 94.278121, 90.000000
 31844.04166667, 4.837465E+03, 4.966199E+01, 349.366528, 94.941177, 90.000000
 31844.04236111, 4.913981E+03, 4.912579E+01, 350.021386, 95.591589, 90.000000
 31844.04305556, 4.989822E+03, 4.859269E+01, 350.641153, 96.229778, 90.000000
 31844.04375000, 5.064986E+03, 4.806294E+01, 351.227911, 96.856147, 90.000000
 31844.04444444, 5.139472E+03, 4.753676E+01, 351.783593, 97.471082, 90.000000
 31844.04513889, 5.213280E+03, 4.701434E+01, 352.309998, 98.074951, 90.000000
 31844.04583333, 5.286408E+03, 4.649583E+01, 352.808802, 98.668111, 90.000000
 31844.04652778, 5.358858E+03, 4.598133E+01, 353.281562, 99.250900, 90.000000
 31844.04722222, 5.430628E+03, 4.547095E+01, 353.729730, 99.823645, 90.000000
 31844.04791667, 5.501720E+03, 4.496476E+01, 354.154660, 100.386658, 90.000000
 31844.04861111, 5.572134E+03, 4.446281E+01, 354.557611, 100.940239, 90.000000
 31844.04930556, 5.641871E+03, 4.396514E+01, 354.939762, 101.484676, 90.000000
 31844.05000000, 5.710931E+03, 4.347178E+01, 355.302210, 102.020247, 90.000000
 31844.05069444, 5.779317E+03, 4.298273E+01, 355.645981, 102.547215, 90.000000
 31844.05138889, 5.847029E+03, 4.249798E+01, 355.972035, 103.065837, 90.000000
 31844.05208333, 5.914070E+03, 4.201754E+01, 356.281271, 103.576357, 90.000000
 31844.05277778, 5.980440E+03, 4.154137E+01, 356.574527, 104.079011, 90.000000
 31844.05347222, 6.046141E+03, 4.106946E+01, 356.852593, 104.574024, 90.000000
 31844.05416667, 6.111176E+03, 4.060177E+01, 357.116206, 105.061616, 90.000000
 31844.05486111, 6.175546E+03, 4.013825E+01, 357.366059, 105.541994, 90.000000
 31844.05555556, 6.239254E+03, 3.967888E+01, 357.602804, 106.015361, 90.000000
 31844.05625000, 6.302301E+03, 3.922360E+01, 357.827052, 106.481910, 90.000000
 31844.05694444, 6.364689E+03, 3.877236E+01, 358.039378, 106.941829, 90.000000
 31844.05763889, 6.426422E+03, 3.832511E+01, 358.240325, 107.395296, 90.000000
 31844.05833333, 6.487500E+03, 3.788180E+01, 358.430403, 107.842485, 90.000000
 31844.05902778, 6.547927E+03, 3.744236E+01, 358.610092, 108.283563, 90.000000
 31844.05972222, 6.607705E+03, 3.700674E+01, 358.779846, 108.718691, 90.000000
 31844.06041667, 6.666835E+03, 3.657488E+01, 358.940094, 109.148024, 90.000000
 31844.06111111, 6.725322E+03, 3.614672E+01, 359.091241, 109.571711, 90.000000
 31844.06180556, 6.783166E+03, 3.572220E+01, 359.233670, 109.989896, 90.000000
 31844.06250000, 6.840371E+03, 3.530125E+01, 359.367742, 110.402720, 90.000000
 31844.06319444, 6.896938E+03, 3.488382E+01, 359.493801, 110.810315, 90.000000
 31844.06388889, 6.952871E+03, 3.446984E+01, 359.612172, 111.212812, 90.000000
 31844.06458333, 7.008172E+03, 3.405925E+01, 359.723161, 111.610336, 90.000000
 31844.06527778, 7.062843E+03, 3.365199E+01, 359.827063, 112.003008, 90.000000
 31844.06597222, 7.116887E+03, 3.324800E+01, 359.924153, 112.390944, 90.000000
 31844.06666667, 7.170306E+03, 3.284722E+01, 0.014697, 112.774259, 90.000000
 31844.06736111, 7.223103E+03, 3.244959E+01, 0.098943, 113.153060, 90.000000
 31844.06805556, 7.275280E+03, 3.205504E+01, 0.177132, 113.527453, 90.000000
 31844.06875000, 7.326839E+03, 3.166352E+01, 0.249488, 113.897541, 90.000000
 31844.06944444, 7.377783E+03, 3.127496E+01, 0.316229, 114.263422, 90.000000
 31844.07013889, 7.428115E+03, 3.088932E+01, 0.377560, 114.625192, 90.000000
 31844.07083333, 7.477837E+03, 3.050654E+01, 0.433677, 114.982943, 90.000000
 31844.07152778, 7.526950E+03, 3.012655E+01, 0.484769, 115.336765, 90.000000
 31844.07222222, 7.575459E+03, 2.974930E+01, 0.531012, 115.686744, 90.000000
 31844.07291667, 7.623364E+03, 2.937474E+01, 0.572579, 116.032964, 90.000000
 31844.07361111, 7.670668E+03, 2.900281E+01, 0.609633, 116.375506, 90.000000
 31844.07430556, 7.717373E+03, 2.863347E+01, 0.642328, 116.714449, 90.000000
 31844.07500000, 7.763483E+03, 2.826665E+01, 0.670816, 117.049869, 90.000000
 31844.07569444, 7.808998E+03, 2.790230E+01, 0.695238, 117.381841, 90.000000
 31844.07638889, 7.853922E+03, 2.754038E+01, 0.715732, 117.710435, 90.000000
 31844.07708333, 7.898256E+03, 2.718084E+01, 0.732428, 118.035721, 90.000000
 31844.07777778, 7.942002E+03, 2.682362E+01, 0.745452, 118.357767, 90.000000
 31844.07847222, 7.985163E+03, 2.646869E+01, 0.754926, 118.676637, 90.000000
 31844.07916667, 8.027741E+03, 2.611598E+01, 0.760964, 118.992396, 90.000000
 31844.07986111, 8.069739E+03, 2.576545E+01, 0.763678, 119.305103, 90.000000
 31844.08055556, 8.111157E+03, 2.541707E+01, 0.763174, 119.614820, 90.000000
 31844.08125000, 8.151998E+03, 2.507077E+01, 0.759556, 119.921603, 90.000000
 31844.08194444, 8.192264E+03, 2.472653E+01, 0.752921, 120.225508, 90.000000
 31844.08263889, 8.231957E+03, 2.438429E+01, 0.743366, 120.526591, 90.000000
 31844.08333333, 8.271079E+03, 2.404401E+01, 0.730980, 120.824904, 90.000000
 31844.08402778, 8.309632E+03, 2.370566E+01, 0.715853, 121.120498, 90.000000
 31844.08472222, 8.347618E+03, 2.336918E+01, 0.698069, 121.413422, 90.000000
 31844.08541667, 8.385039E+03, 2.303454E+01, 0.677709, 121.703726, 90.000000
 31844.08611111, 8.421896E+03, 2.270170E+01, 0.654853, 121.991456, 90.000000
 31844.08680556, 8.458192E+03, 2.237063E+01, 0.629576, 122.276657, 90.000000
 31844.08750000, 8.493927E+03, 2.204127E+01, 0.601952, 122.559374, 90.000000
 31844.08819444, 8.529105E+03, 2.171359E+01, 0.572051, 122.839650, 90.000000
 31844.08888889, 8.563726E+03, 2.138757E+01, 0.539943, 123.117526, 90.000000
 31844.08958333, 8.597792E+03, 2.106315E+01, 0.505692, 123.393042, 90.000000
 31844.09027778, 8.631306E+03, 2.074030E+01, 0.469364, 123.666239, 90.000000
 31844.09097222, 8.664268E+03, 2.041900E+01, 0.431019, 123.937154, 90.000000
 31844.09166667, 8.696680E+03, 2.009919E+01, 0.390718, 124.205825, 90.000000
 31844.09236111, 8.728544E+03, 1.978086E+01, 0.348519, 124.472287, 90.000000
 31844.09305556, 8.759862E+03, 1.946396E+01, 0.304477, 124.736574, 90.000000
 31844.09375000, 8.790634E+03, 1.914847E+01, 0.258647, 124.998723, 90.000000
 31844.09444444, 8.820863E+03, 1.883434E+01, 0.211083, 125.258764, 90.000000
 31844.09513889, 8.850549E+03, 1.852155E+01, 0.161833, 125.516730, 90.000000
 31844.09583333, 8.879695E+03, 1.821007E+01, 0.110950, 125.772652, 90.000000
 31844.09652778, 8.908302E+03, 1.789986E+01, 0.058479, 126.026561, 90.000000
 31844.09722222, 8.936370E+03, 1.759090E+01, 0.004469, 126.278485, 90.000000
 31844.09791667, 8.963902E+03, 1.728315E+01, 359.948964, 126.528453, 90.000000
 31844.09861111, 8.990899E+03, 1.697659E+01, 359.892009, 126.776492, 90.000000
 31844.09930556, 9.017362E+03, 1.667118E+01, 359.833647, 127.022629, 90.000000
 31844.10000000, 9.043293E+03, 1.636690E+01, 359.773918, 127.266891, 90.000000
 31844.10069444, 9.068691E+03, 1.606371E+01, 359.712864, 127.509301, 90.000000
 31844.10138889, 9.093560E+03, 1.576160E+01, 359.650525, 127.749885, 90.000000
 31844.10208333, 9.117900E+03, 1.546053E+01, 359.586938, 127.988666, 90.000000
 31844.10277778, 9.141712E+03, 1.516047E+01, 359.522141, 128.225666, 90.000000
 31844.10347222, 9.164997E+03, 1.486141E+01, 359.456170, 128.460909, 90.000000
 31844.10416667, 9.187757E+03, 1.456330E+01, 359.389062, 128.694415, 90.000000
 31844.10486111, 9.209992E+03, 1.426613E+01, 359.320851, 128.926205, 90.000000
 31844.10555556, 9.231704E+03, 1.396987E+01, 359.251571, 129.156299, 90.000000
 31844.10625000, 9.252893E+03, 1.367449E+01, 359.181254, 129.384716, 90.000000
 31844.10694444, 9.273561E+03, 1.337997E+01, 359.109934, 129.611476, 90.000000
 31844.10763889, 9.293708E+03, 1.308629E+01, 359.037641, 129.836597, 90.000000
 31844.10833333, 9.313336E+03, 1.279341E+01, 358.964408, 130.060095, 90.000000
 31844.10902778, 9.332446E+03, 1.250132E+01, 358.890263, 130.281987, 90.000000
 31844.10972222, 9.351037E+03, 1.220999E+01, 358.815236, 130.502290, 90.000000
 31844.11041667, 9.369113E+03, 1.191940E+01, 358.739357, 130.721020, 90.000000
 31844.11111111, 9.386672E+03, 1.162952E+01, 358.662654, 130.938191, 90.000000
 31844.11180556, 9.403716E+03, 1.134034E+01, 358.585155, 131.153818, 90.000000
 31844.11250000, 9.420246E+03, 1.105182E+01, 358.506886, 131.367915, 90.000000
 31844.11319444, 9.436262E+03, 1.076394E+01, 358.427875, 131.580495, 90.000000
 31844.11388889, 9.451765E+03, 1.047669E+01, 358.348147, 131.791570, 90.000000
 31844.11458333, 9.466757E+03, 1.019003E+01, 358.267729, 132.001153, 90.000000
 31844.11527778, 9.481237E+03, 9.903953E+00, 358.186646, 132.209256, 90.000000
 31844.11597222, 9.495207E+03, 9.618431E+00, 358.104922, 132.415889, 90.000000
 31844.11666667, 9.508666E+03, 9.333442E+00, 358.022582, 132.621063, 90.000000
 31844.11736111, 9.521616E+03, 9.048966E+00, 357.939651, 132.824788, 90.000000
 31844.11805556, 9.534058E+03, 8.764979E+00, 357.856151, 133.027074, 90.000000
 31844.11875000, 9.545991E+03, 8.481462E+00, 357.772106, 133.227929, 90.000000
 31844.11944444, 9.557417E+03, 8.198393E+00, 357.687539, 133.427362, 90.000000
 31844.12013889, 9.568335E+03, 7.915751E+00, 357.602472, 133.625381, 90.000000
 31844.12083333, 9.578747E+03, 7.633515E+00, 357.516929, 133.821992, 90.000000
 31844.12152778, 9.588653E+03, 7.351665E+00, 357.430930, 134.017204, 90.000000
 31844.12222222, 9.598053E+03, 7.070180E+00, 357.344498, 134.211022, 90.000000
 31844.12291667, 9.606948E+03, 6.789039E+00, 357.257654, 134.403451, 90.000000
 31844.12361111, 9.615338E+03, 6.508223E+00, 357.170420, 134.594499, 90.000000
 31844.12430556, 9.623224E+03, 6.227711E+00, 357.082815, 134.784168, 90.000000
 31844.12500000, 9.630605E+03, 5.947483E+00, 356.994862, 134.972464, 90.000000
 31844.12569444, 9.637483E+03, 5.667518E+00, 356.906580, 135.159390, 90.000000
 31844.12638889, 9.643858E+03, 5.387798E+00, 356.817991, 135.344949, 90.000000
 31844.12708333, 9.649729E+03, 5.108301E+00, 356.729113, 135.529145, 90.000000
 31844.12777778, 9.655098E+03, 4.829010E+00, 356.639968, 135.711979, 90.000000
 31844.12847222, 9.659964E+03, 4.549902E+00, 356.550575, 135.893454, 90.000000
 31844.12916667, 9.664327E+03, 4.270960E+00, 356.460953, 136.073569, 90.000000
 31844.12986111, 9.668189E+03, 3.992163E+00, 356.371123, 136.252328, 90.000000
 31844.13055556, 9.671548E+03, 3.713492E+00, 356.281104, 136.429728, 90.000000
 31844.13125000, 9.674406E+03, 3.434927E+00, 356.190915, 136.605771, 90.000000
 31844.13194444, 9.676762E+03, 3.156449E+00, 356.100575, 136.780454, 90.000000
 31844.13263889, 9.678616E+03, 2.878038E+00, 356.010104, 136.953778, 90.000000
 31844.13333333, 9.679969E+03, 2.599675E+00, 355.919520, 137.125739, 90.000000
 31844.13402778, 9.680821E+03, 2.321340E+00, 355.828844, 137.296336, 90.000000
 31844.13472222, 9.681171E+03, 2.043015E+00, 355.738093, 137.465566, 90.000000
 31844.13541667, 9.681020E+03, 1.764679E+00, 355.647286, 137.633424, 90.000000
 31844.13611111, 9.680367E+03, 1.486313E+00, 355.556444, 137.799908, 90.000000
 31844.13680556, 9.679213E+03, 1.207898E+00, 355.465584, 137.965011, 90.000000
 31844.13750000, 9.677557E+03, 9.294148E-01, 355.374725, 138.128730, 90.000000
 31844.13819444, 9.675400E+03, 6.508431E-01, 355.283887, 138.291059, 90.000000
 31844.13888889, 9.672741E+03, 3.721636E-01, 355.193088, 138.451990, 90.000000
 31844.13958333, 9.669581E+03, 9.335693E-02, 355.102347, 138.611518, 90.000000
 31844.14027778, 9.665918E+03, -1.855966E-01, 355.011684, 138.769634, 90.000000
 31844.14097222, 9.661754E+03, -4.647166E-01, 354.921117, 138.926332, 90.000000
 31844.14166667, 9.657087E+03, -7.440228E-01, 354.830666, 139.081601, 90.000000
 31844.14236111, 9.651918E+03, -1.023535E+00, 354.740349, 139.235433, 90.000000
 31844.14305556, 9.646246E+03, -1.303273E+00, 354.650186, 139.387819, 90.000000
 31844.14375000, 9.640071E+03, -1.583256E+00, 354.560197, 139.538747, 90.000000
 31844.14444444, 9.633392E+03, -1.863506E+00, 354.470400, 139.688206, 90.000000
 31844.14513889, 9.626210E+03, -2.144041E+00, 354.380817, 139.836185, 90.000000
 31844.14583333, 9.618525E+03, -2.424882E+00, 354.291465, 139.982672, 90.000000
 31844.14652778, 9.610335E+03, -2.706050E+00, 354.202366, 140.127652, 90.000000
 31844.14722222, 9.601640E+03, -2.987564E+00, 354.113538, 140.271114, 90.000000
 31844.14791667, 9.592440E+03, -3.269446E+00, 354.025004, 140.413041, 90.000000
 31844.14861111, 9.582735E+03, -3.551715E+00, 353.936782, 140.553420, 90.000000
 31844.14930556, 9.572524E+03, -3.834393E+00, 353.848894, 140.692234, 90.000000
 31844.15000000, 9.561806E+03, -4.117501E+00, 353.761360, 140.829467, 90.000000
 31844.15069444, 9.550582E+03, -4.401060E+00, 353.674202, 140.965101, 90.000000
 31844.15138889, 9.538850E+03, -4.685090E+00, 353.587441, 141.099120, 90.000000
 31844.15208333, 9.526610E+03, -4.969615E+00, 353.501098, 141.231503, 90.000000
 31844.15277778, 9.513862E+03, -5.254654E+00, 353.415195, 141.362232, 90.000000
 31844.15347222, 9.500604E+03, -5.540230E+00, 353.329755, 141.491286, 90.000000
 31844.15416667, 9.486837E+03, -5.826365E+00, 353.244799, 141.618645, 90.000000
 31844.15486111, 9.472559E+03, -6.113080E+00, 353.160351, 141.744287, 90.000000
 31844.15555556, 9.457770E+03, -6.400399E+00, 353.076434, 141.868189, 90.000000
 31844.15625000, 9.442470E+03, -6.688344E+00, 352.993071, 141.990327, 90.000000
 31844.15694444, 9.426657E+03, -6.976938E+00, 352.910285, 142.110677, 90.000000
 31844.15763889, 9.410331E+03, -7.266203E+00, 352.828102, 142.229215, 90.000000
 31844.15833333, 9.393491E+03, -7.556164E+00, 352.746546, 142.345914, 90.000000
 31844.15902778, 9.376136E+03, -7.846843E+00, 352.665641, 142.460748, 90.000000
 31844.15972222, 9.358266E+03, -8.138264E+00, 352.585414, 142.573688, 90.000000
 31844.16041667, 9.339879E+03, -8.430452E+00, 352.505890, 142.684705, 90.000000
 31844.16111111, 9.320975E+03, -8.723431E+00, 352.427096, 142.793771, 90.000000
 31844.16180556, 9.301552E+03, -9.017225E+00, 352.349058, 142.900855, 90.000000
 31844.16250000, 9.281611E+03, -9.311859E+00, 352.271805, 143.005925, 90.000000
 31844.16319444, 9.261150E+03, -9.607359E+00, 352.195364, 143.108948, 90.000000
 31844.16388889, 9.240167E+03, -9.903751E+00, 352.119764, 143.209892, 90.000000
 31844.16458333, 9.218663E+03, -1.020106E+01, 352.045034, 143.308720, 90.000000
 31844.16527778, 9.196635E+03, -1.049931E+01, 351.971205, 143.405399, 90.000000
 31844.16597222, 9.174084E+03, -1.079853E+01, 351.898306, 143.499891, 90.000000
 31844.16666667, 9.151007E+03, -1.109875E+01, 351.826369, 143.592158, 90.000000
 31844.16736111, 9.127404E+03, -1.140000E+01, 351.755427, 143.682161, 90.000000
 31844.16805556, 9.103274E+03, -1.170229E+01, 351.685511, 143.769862, 90.000000
 31844.16875000, 9.078615E+03, -1.200567E+01, 351.616656, 143.855217, 90.000000
 31844.16944444, 9.053427E+03, -1.231015E+01, 351.548895, 143.938186, 90.000000
 31844.17013889, 9.027707E+03, -1.261577E+01, 351.482265, 144.018725, 90.000000
 31844.17083333, 9.001456E+03, -1.292256E+01, 351.416801, 144.096789, 90.000000
 31844.17152778, 8.974671E+03, -1.323055E+01, 351.352541, 144.172333, 90.000000
 31844.17222222, 8.947351E+03, -1.353976E+01, 351.289522, 144.245308, 90.000000
 31844.17291667, 8.919495E+03, -1.385023E+01, 351.227785, 144.315668, 90.000000
 31844.17361111, 8.891102E+03, -1.416200E+01, 351.167368, 144.383362, 90.000000
 31844.17430556, 8.862171E+03, -1.447508E+01, 351.108313, 144.448339, 90.000000
 31844.17500000, 8.832699E+03, -1.478952E+01, 351.050664, 144.510548, 90.000000
 31844.17569444, 8.802685E+03, -1.510534E+01, 350.994463, 144.569934, 90.000000
 31844.17638889, 8.772129E+03, -1.542259E+01, 350.939757, 144.626442, 90.000000
 31844.17708333, 8.741028E+03, -1.574129E+01, 350.886590, 144.680017, 90.000000
 31844.17777778, 8.709381E+03, -1.606148E+01, 350.835011, 144.730600, 90.000000
 31844.17847222, 8.677186E+03, -1.638319E+01, 350.785070, 144.778133, 90.000000
 31844.17916667, 8.644442E+03, -1.670647E+01, 350.736817, 144.822554, 90.000000
 31844.17986111, 8.611148E+03, -1.703134E+01, 350.690304, 144.863801, 90.000000
 31844.18055556, 8.577301E+03, -1.735784E+01, 350.645586, 144.901810, 90.000000
 31844.18125000, 8.542901E+03, -1.768602E+01, 350.602719, 144.936517, 90.000000
 31844.18194444, 8.507944E+03, -1.801591E+01, 350.561760, 144.967855, 90.000000
 31844.18263889, 8.472430E+03, -1.834755E+01, 350.522769, 144.995754, 90.000000
 31844.18333333, 8.436357E+03, -1.868098E+01, 350.485807, 145.020146, 90.000000
 31844.18402778, 8.399723E+03, -1.901624E+01, 350.450939, 145.040957, 90.000000
 31844.18472222, 8.362527E+03, -1.935337E+01, 350.418230, 145.058116, 90.000000
 31844.18541667, 8.324765E+03, -1.969242E+01, 350.387749, 145.071546, 90.000000
 31844.18611111, 8.286438E+03, -2.003342E+01, 350.359566, 145.081171, 90.000000
 31844.18680556, 8.247542E+03, -2.037643E+01, 350.333756, 145.086912, 90.000000
 31844.18750000, 8.208076E+03, -2.072149E+01, 350.310394, 145.088689, 90.000000
 31844.18819444, 8.168038E+03, -2.106864E+01, 350.289558, 145.086419, 90.000000
 31844.18888889, 8.127425E+03, -2.141793E+01, 350.271332, 145.080018, 90.000000
 31844.18958333, 8.086237E+03, -2.176941E+01, 350.255799, 145.069400, 90.000000
 31844.19027778, 8.044470E+03, -2.212312E+01, 350.243048, 145.054477, 90.000000
 31844.19097222, 8.002123E+03, -2.247913E+01, 350.233172, 145.035159, 90.000000
 31844.19166667, 7.959194E+03, -2.283746E+01, 350.226265, 145.011353, 90.000000
 31844.19236111, 7.915681E+03, -2.319819E+01, 350.222427, 144.982966, 90.000000
 31844.19305556, 7.871580E+03, -2.356136E+01, 350.221762, 144.949900, 90.000000
 31844.19375000, 7.826892E+03, -2.392702E+01, 350.224376, 144.912058, 90.000000
 31844.19444444, 7.781612E+03, -2.429524E+01, 350.230382, 144.869338, 90.000000
 31844.19513889, 7.735739E+03, -2.466606E+01, 350.239897, 144.821637, 90.000000
 31844.19583333, 7.689271E+03, -2.503954E+01, 350.253043, 144.768850, 90.000000
 31844.19652778, 7.642206E+03, -2.541575E+01, 350.269947, 144.710868, 90.000000
 31844.19722222, 7.594540E+03, -2.579473E+01, 350.290742, 144.647582, 90.000000
 31844.19791667, 7.546273E+03, -2.617656E+01, 350.315566, 144.578877, 90.000000
 31844.19861111, 7.497401E+03, -2.656129E+01, 350.344566, 144.504639, 90.000000
 31844.19930556, 7.447922E+03, -2.694899E+01, 350.377892, 144.424748, 90.000000
 31844.20000000, 7.397834E+03, -2.733971E+01, 350.415704, 144.339084, 90.000000
 31844.20069444, 7.347134E+03, -2.773354E+01, 350.458168, 144.247522, 90.000000
 31844.20138889, 7.295820E+03, -2.813052E+01, 350.505457, 144.149935, 90.000000
 31844.20208333, 7.243890E+03, -2.853074E+01, 350.557755, 144.046193, 90.000000
 31844.20277778, 7.191341E+03, -2.893426E+01, 350.615253, 143.936162, 90.000000
 31844.20347222, 7.138171E+03, -2.934115E+01, 350.678153, 143.819705, 90.000000
 31844.20416667, 7.084377E+03, -2.975148E+01, 350.746665, 143.696681, 90.000000
 31844.20486111, 7.029957E+03, -3.016533E+01, 350.821012, 143.566947, 90.000000
 31844.20555556, 6.974908E+03, -3.058276E+01, 350.901426, 143.430355, 90.000000
 31844.20625000, 6.919228E+03, -3.100386E+01, 350.988154, 143.286753, 90.000000
 31844.20694444, 6.862915E+03, -3.142871E+01, 351.081454, 143.135985, 90.000000
 31844.20763889, 6.805965E+03, -3.185737E+01, 351.181600, 142.977891, 90.000000
 31844.20833333, 6.748378E+03, -3.228992E+01, 351.288878, 142.812306, 90.000000
 31844.20902778, 6.690149E+03, -3.272646E+01, 351.403591, 142.639062, 90.000000
 31844.20972222, 6.631277E+03, -3.316705E+01, 351.526061, 142.457983, 90.000000
 31844.21041667, 6.571759E+03, -3.361178E+01, 351.656626, 142.268891, 90.000000
 31844.21111111, 6.511593E+03, -3.406073E+01, 351.795645, 142.071600, 90.000000
 31844.21180556, 6.450777E+03, -3.451397E+01, 351.943495, 141.865922, 90.000000
 31844.21250000, 6.389307E+03, -3.497161E+01, 352.100579, 141.651659, 90.000000
 31844.21319444, 6.327183E+03, -3.543370E+01, 352.267322, 141.428608, 90.000000
 31844.21388889, 6.264401E+03, -3.590035E+01, 352.444177, 141.196562, 90.000000
 31844.21458333, 6.200960E+03, -3.637163E+01, 352.631621, 140.955304, 90.000000
 31844.21527778, 6.136858E+03, -3.684762E+01, 352.830167, 140.704611, 90.000000
 31844.21597222, 6.072091E+03, -3.732840E+01, 353.040354, 140.444253, 90.000000
 31844.21666667, 6.006659E+03, -3.781404E+01, 353.262760, 140.173989, 90.000000
 31844.21736111, 5.940559E+03, -3.830464E+01, 353.498001, 139.893574, 90.000000
 31844.21805556, 5.873791E+03, -3.880025E+01, 353.746730, 139.602751, 90.000000
 31844.21875000, 5.806351E+03, -3.930096E+01, 354.009649, 139.301255, 90.000000
 31844.21944444, 5.738238E+03, -3.980682E+01, 354.287504, 138.988809, 90.000000
 31844.22013889, 5.669452E+03, -4.031789E+01, 354.581094, 138.665127, 90.000000
 31844.22083333, 5.599990E+03, -4.083425E+01, 354.891274, 138.329912, 90.000000
 31844.22152778, 5.529852E+03, -4.135593E+01, 355.218961, 137.982856, 90.000000
 31844.22222222, 5.459037E+03, -4.188297E+01, 355.565135, 137.623635, 90.000000
 31844.22291667, 5.387544E+03, -4.241541E+01, 355.930852, 137.251915, 90.000000
 31844.22361111, 5.315372E+03, -4.295326E+01, 356.317241, 136.867348, 90.000000
 31844.22430556, 5.242522E+03, -4.349654E+01, 356.725521, 136.469570, 90.000000
 31844.22500000, 5.168993E+03, -4.404523E+01, 357.156999, 136.058200, 90.000000
 31844.22569444, 5.094786E+03, -4.459931E+01, 357.613085, 135.632845, 90.000000
 31844.22638889, 5.019901E+03, -4.515873E+01, 358.095299, 135.193088, 90.000000
 31844.22708333, 4.944339E+03, -4.572343E+01, 358.605277, 134.738500, 90.000000
 31844.22777778, 4.868103E+03, -4.629329E+01, 359.144789, 134.268627, 90.000000
 31844.22847222, 4.791193E+03, -4.686819E+01, 359.715745, 133.782997, 90.000000
 31844.22916667, 4.713612E+03, -4.744797E+01, 0.320208, 133.281114, 90.000000
 31844.22986111, 4.635364E+03, -4.803240E+01, 0.960411, 132.762460, 90.000000
 31844.23055556, 4.556451E+03, -4.862123E+01, 1.638768, 132.226491, 90.000000
 31844.23125000, 4.476877E+03, -4.921415E+01, 2.357891, 131.672638, 90.000000
 31844.23194444, 4.396647E+03, -4.981076E+01, 3.120609, 131.100301, 90.000000
 31844.23263889, 4.315767E+03, -5.041060E+01, 3.929980, 130.508853, 90.000000
 31844.23333333, 4.234244E+03, -5.101314E+01, 4.789313, 129.897635, 90.000000
 31844.23402778, 4.152084E+03, -5.161773E+01, 5.702186, 129.265953, 90.000000
 31844.23472222, 4.069295E+03, -5.222359E+01, 6.672463, 128.613080, 90.000000
 31844.23541667, 3.985887E+03, -5.282984E+01, 7.704309, 127.938250, 90.000000
 31844.23611111, 3.901871E+03, -5.343544E+01, 8.802210, 127.240656, 90.000000
 31844.23680556, 3.817258E+03, -5.403916E+01, 9.970978, 126.519452, 90.000000
 31844.23750000, 3.732062E+03, -5.463959E+01, 11.215764, 125.773746, 90.000000
 31844.23819444, 3.646297E+03, -5.523509E+01, 12.542053, 125.002599, 90.000000
 31844.23888889, 3.559980E+03, -5.582376E+01, 13.955652, 124.205022, 90.000000
 31844.23958333, 3.473129E+03, -5.640340E+01, 15.462669, 123.379976, 90.000000
 31844.24027778, 3.385764E+03, -5.697151E+01, 17.069461, 122.526364, 90.000000
 31844.24097222, 3.297909E+03, -5.752519E+01, 18.782567, 121.643035, 90.000000
 31844.24166667, 3.209588E+03, -5.806116E+01, 20.608608, 120.728773, 90.000000
 31844.24236111, 3.120830E+03, -5.857566E+01, 22.554141, 119.782304, 90.000000
 31844.24305556, 3.031664E+03, -5.906446E+01, 24.625474, 118.802283, 90.000000
 31844.24375000, 2.942126E+03, -5.952278E+01, 26.828423, 117.787301, 90.000000
 31844.24444444, 2.852253E+03, -5.994530E+01, 29.168008, 116.735874, 90.000000
 31844.24513889, 2.762085E+03, -6.032609E+01, 31.648092, 115.646450, 90.000000
 31844.24583333, 2.671670E+03, -6.065866E+01, 34.270961, 114.517398, 90.000000
 31844.24652778, 2.581057E+03, -6.093592E+01, 37.036859, 113.347016, 90.000000
 31844.24722222, 2.490302E+03, -6.115029E+01, 39.943517, 112.133522, 90.000000
 31844.24791667, 2.399466E+03, -6.129372E+01, 42.985698, 110.875064, 90.000000
 31844.24861111, 2.308616E+03, -6.135782E+01, 46.154819, 109.569715, 90.000000
 31844.24930556, 2.217827E+03, -6.133405E+01, 49.438726, 108.215480, 90.000000
 31844.25000000, 2.127180E+03, -6.121381E+01, 52.821659, 106.810300, 90.000000
 31844.25069444, 2.036764E+03, -6.098873E+01, 56.284486, 105.352063, 90.000000
 31844.25138889, 1.946678E+03, -6.065084E+01, 59.805211, 103.838615, 90.000000
 31844.25208333, 1.857029E+03, -6.019273E+01, 63.359762, 102.267773, 90.000000
 31844.25277778, 1.767935E+03, -5.960781E+01, 66.922981, 100.637346, 90.000000
 31844.25347222, 1.679526E+03, -5.889034E+01, 70.469743, 98.945163, 90.000000
 31844.25416667, 1.591942E+03, -5.803560E+01, 73.976070, 97.189102, 90.000000
 31844.25486111, 1.505338E+03, -5.703983E+01, 77.420128, 95.367135, 90.000000
 31844.25555556, 1.419881E+03, -5.590025E+01, 80.783008, 93.477375, 90.000000
 31844.25625000, 1.335755E+03, -5.461498E+01, 84.049245, 91.518137, 90.000000
 31844.25694444, 1.253156E+03, -5.318296E+01, 87.207044, 89.488019, 90.000000
 31844.25763889, 1.172299E+03, -5.160384E+01, 90.248251, 87.385988, 90.000000
 31844.25833333, 1.093413E+03, -4.987791E+01, 93.168122, 85.211494, 90.000000
 31844.25902778, 1.016747E+03, -4.800602E+01, 95.964940, 82.964599, 90.000000
 31844.25972222, 9.425637E+02, -4.598960E+01, 98.639562, 80.646133, 90.000000
 31844.26041667, 8.711447E+02, -4.383062E+01, 101.194941, 78.257870, 90.000000
 31844.26111111, 8.027880E+02, -4.153170E+01, 103.635654, 75.802734, 90.000000
 31844.26180556, 7.378085E+02, -3.909615E+01, 105.967497, 73.285025, 90.000000
 31844.26250000, 6.765372E+02, -3.652814E+01, 108.197124, 70.710664, 90.000000
 31844.26319444, 6.193205E+02, -3.383283E+01, 110.331768, 68.087445, 90.000000
 31844.26388889, 5.665191E+02, -3.101654E+01, 112.379036, 65.425284, 90.000000
 31844.26458333, 5.185051E+02, -2.808690E+01, 114.346768, 62.736448, 90.000000
 31844.26527778, 4.756578E+02, -2.505295E+01, 116.242955, 60.035750, 90.000000
 31844.26597222, 4.383563E+02, -2.192523E+01, 118.075709, 57.340682, 90.000000
 31844.26666667, 4.069692E+02, -1.871572E+01, 119.853247, 54.671497, 90.000000
 31844.26736111, 3.818394E+02, -1.543777E+01, 121.583896, 52.051214, 90.000000
 31844.26805556, 3.632669E+02, -1.210587E+01, 123.276063, 49.505550, 90.000000
 31844.26875000, 3.514890E+02, -8.735436E+00, 124.938191, 47.062776, 90.000000
 31844.26944444, 3.466627E+02, -5.342461E+00, 126.578665, 44.753432, 90.000000
 31844.27013889, 3.488507E+02, -1.943199E+00, 128.205689, 42.609838, 90.000000
 31844.27083333, 3.580150E+02, 1.446172E+00, 129.827153, 40.665279, 90.000000
 31844.27152778, 3.740198E+02, 4.809868E+00, 131.450509, 38.952713, 90.000000
 31844.27222222, 3.966423E+02, 8.132797E+00, 133.082681, 37.502906, 90.000000
 31844.27291667, 4.255901E+02, 1.140082E+01, 134.730035, 36.342049, 90.000000
 31844.27361111, 4.605219E+02, 1.460099E+01, 136.398399, 35.489121, 90.000000
 31844.27430556, 5.010678E+02, 1.772170E+01, 138.093131, 34.953501, 90.000000
 31844.27500000, 5.468469E+02, 2.075285E+01, 139.819216, 34.733475, 90.000000
 31844.27569444, 5.974804E+02, 2.368583E+01, 141.581364, 34.816132, 90.000000
 31844.27638889, 6.526001E+02, 2.651358E+01, 143.384100, 35.178769, 90.000000
 31844.27708333, 7.118531E+02, 2.923047E+01, 145.231822, 35.791460, 90.000000
 31844.27777778, 7.749033E+02, 3.183217E+01, 147.128819, 36.620144, 90.000000
 31844.27847222, 8.414319E+02, 3.431554E+01, 149.079256, 37.629576, 90.000000
 31844.27916667, 9.111360E+02, 3.667843E+01, 151.087118, 38.785673, 90.000000
 31844.27986111, 9.837285E+02, 3.891955E+01, 153.156128, 40.057095, 90.000000
 31844.28055556, 1.058937E+03, 4.103829E+01, 155.289627, 41.416097, 90.000000
 31844.28125000, 1.136503E+03, 4.303460E+01, 157.490445, 42.838816, 90.000000
 31844.28194444, 1.216182E+03, 4.490887E+01, 159.760747, 44.305192, 90.000000
 31844.28263889, 1.297744E+03, 4.666189E+01, 162.101875, 45.798650, 90.000000
 31844.28333333, 1.380974E+03, 4.829473E+01, 164.514176, 47.305699, 90.000000
 31844.28402778, 1.465669E+03, 4.980873E+01, 166.996854, 48.815497, 90.000000
 31844.28472222, 1.551641E+03, 5.120547E+01, 169.547814, 50.319432, 90.000000
 31844.28541667, 1.638716E+03, 5.248679E+01, 172.163547, 51.810744, 90.000000
 31844.28611111, 1.726731E+03, 5.365477E+01, 174.839051, 53.284204, 90.000000
 31844.28680555, 1.815538E+03, 5.471174E+01, 177.567796, 54.735825, 90.000000
 31844.28750000, 1.905001E+03, 5.566034E+01, 180.341763, 56.162635, 90.000000
 31844.28819444, 1.994992E+03, 5.650350E+01, 183.151544, 57.562477, 90.000000
 31844.28888889, 2.085398E+03, 5.724448E+01, 185.986517, 58.933854, 90.000000
 31844.28958333, 2.176114E+03, 5.788687E+01, 188.835099, 60.275793, 90.000000
 31844.29027778, 2.267042E+03, 5.843456E+01, 191.685046, 61.587742, 90.000000
 31844.29097222, 2.358097E+03, 5.889178E+01, 194.523805, 62.869480, 90.000000
 31844.29166667, 2.449198E+03, 5.926300E+01, 197.338876, 64.121049, 90.000000
 31844.29236111, 2.540273E+03, 5.955295E+01, 200.118174, 65.342694, 90.000000
 31844.29305555, 2.631256E+03, 5.976653E+01, 202.850354, 66.534819, 90.000000
 31844.29375000, 2.722088E+03, 5.990875E+01, 205.525096, 67.697946, 90.000000
 31844.29444444, 2.812713E+03, 5.998466E+01, 208.133312, 68.832691, 90.000000
 31844.29513889, 2.903084E+03, 5.999932E+01, 210.667288, 69.939732, 90.000000
 31844.29583333, 2.993155E+03, 5.995772E+01, 213.120753, 71.019794, 90.000000
 31844.29652778, 3.082885E+03, 5.986469E+01, 215.488878, 72.073634, 90.000000
 31844.29722222, 3.172239E+03, 5.972492E+01, 217.768222, 73.102025, 90.000000
 31844.29791667, 3.261182E+03, 5.954286E+01, 219.956636, 74.105748, 90.000000
 31844.29861111, 3.349686E+03, 5.932273E+01, 222.053132, 75.085585, 90.000000
 31844.29930555, 3.437723E+03, 5.906849E+01, 224.057734, 76.042312, 90.000000
 31844.30000000, 3.525268E+03, 5.878384E+01, 225.971333, 76.976693, 90.000000
 31844.30069444, 3.612299E+03, 5.847218E+01, 227.795529, 77.889478, 90.000000
 31844.30138889, 3.698798E+03, 5.813665E+01, 229.532493, 78.781400, 90.000000
 31844.30208333, 3.784745E+03, 5.778014E+01, 231.184834, 79.653173, 90.000000
 31844.30277778, 3.870126E+03, 5.740526E+01, 232.755486, 80.505489, 90.000000
 31844.30347222, 3.954924E+03, 5.701439E+01, 234.247608, 81.339020, 90.000000
 31844.30416667, 4.039129E+03, 5.660967E+01, 235.664496, 82.154416, 90.000000
 31844.30486111, 4.122728E+03, 5.619306E+01, 237.009519, 82.952304, 90.000000
 31844.30555555, 4.205711E+03, 5.576630E+01, 238.286059, 83.733287, 90.000000
 31844.30625000, 4.288070E+03, 5.533094E+01, 239.497467, 84.497949, 90.000000
 31844.30694444, 4.369796E+03, 5.488839E+01, 240.647028, 85.246850, 90.000000
 31844.30763889, 4.450882E+03, 5.443991E+01, 241.737936, 85.980529, 90.000000
 31844.30833333, 4.531323E+03, 5.398661E+01, 242.773277, 86.699504, 90.000000
 31844.30902778, 4.611112E+03, 5.352948E+01, 243.756011, 87.404274, 90.000000
 31844.30972222, 4.690246E+03, 5.306940E+01, 244.688969, 88.095317, 90.000000
 31844.31041667, 4.768721E+03, 5.260717E+01, 245.574846, 88.773091, 90.000000
 31844.31111111, 4.846533E+03, 5.214347E+01, 246.416200, 89.438038, 90.000000
 31844.31180555, 4.923679E+03, 5.167893E+01, 247.215453, 90.090582, 90.000000
 31844.31250000, 5.000158E+03, 5.121407E+01, 247.974894, 90.731127, 90.000000
 31844.31319444, 5.075967E+03, 5.074939E+01, 248.696682, 91.360065, 90.000000
 31844.31388889, 5.151105E+03, 5.028530E+01, 249.382850, 91.977770, 90.000000
 31844.31458333, 5.225572E+03, 4.982218E+01, 250.035314, 92.584600, 90.000000
 31844.31527778, 5.299367E+03, 4.936034E+01, 250.655874, 93.180902, 90.000000
 31844.31597222, 5.372490E+03, 4.890007E+01, 251.246222, 93.767005, 90.000000
 31844.31666667, 5.444940E+03, 4.844162E+01, 251.807947, 94.343228, 90.000000
 31844.31736111, 5.516718E+03, 4.798520E+01, 252.342545, 94.909877, 90.000000
 31844.31805555, 5.587824E+03, 4.753099E+01, 252.851416, 95.467244, 90.000000
 31844.31875000, 5.658259E+03, 4.707915E+01, 253.335878, 96.015612, 90.000000
 31844.31944444, 5.728025E+03, 4.662983E+01, 253.797169, 96.555252, 90.000000
 31844.32013889, 5.797122E+03, 4.618312E+01, 254.236452, 97.086423, 90.000000
 31844.32083333, 5.865552E+03, 4.573914E+01, 254.654818, 97.609377, 90.000000
 31844.32152778, 5.933316E+03, 4.529796E+01, 255.053294, 98.124355, 90.000000
 31844.32222222, 6.000415E+03, 4.485964E+01, 255.432847, 98.631587, 90.000000
 31844.32291667, 6.066852E+03, 4.442424E+01, 255.794383, 99.131296, 90.000000
 31844.32361111, 6.132628E+03, 4.399179E+01, 256.138759, 99.623698, 90.000000
 31844.32430555, 6.197745E+03, 4.356234E+01, 256.466778, 100.108998, 90.000000
 31844.32500000, 6.262205E+03, 4.313590E+01, 256.779199, 100.587396, 90.000000
 31844.32569444, 6.326011E+03, 4.271248E+01, 257.076736, 101.059082, 90.000000
 31844.32638889, 6.389164E+03, 4.229209E+01, 257.360063, 101.524241, 90.000000
 31844.32708333, 6.451666E+03, 4.187473E+01, 257.629816, 101.983052, 90.000000
 31844.32777778, 6.513520E+03, 4.146040E+01, 257.886594, 102.435685, 90.000000
 31844.32847222, 6.574728E+03, 4.104908E+01, 258.130965, 102.882305, 90.000000
 31844.32916667, 6.635292E+03, 4.064075E+01, 258.363465, 103.323073, 90.000000
 31844.32986111, 6.695216E+03, 4.023541E+01, 258.584600, 103.758142, 90.000000
 31844.33055555, 6.754500E+03, 3.983303E+01, 258.794848, 104.187660, 90.000000
 31844.33125000, 6.813148E+03, 3.943358E+01, 258.994665, 104.611770, 90.000000
 31844.33194444, 6.871162E+03, 3.903703E+01, 259.184480, 105.030611, 90.000000
 31844.33263889, 6.928544E+03, 3.864336E+01, 259.364700, 105.444317, 90.000000
 31844.33333333, 6.985298E+03, 3.825254E+01, 259.535712, 105.853016, 90.000000
 31844.33402778, 7.041424E+03, 3.786452E+01, 259.697882, 106.256833, 90.000000
 31844.33472222, 7.096927E+03, 3.747928E+01, 259.851559, 106.655888, 90.000000
 31844.33541667, 7.151807E+03, 3.709677E+01, 259.997073, 107.050299, 90.000000
 31844.33611111, 7.206069E+03, 3.671697E+01, 260.134739, 107.440178, 90.000000
 31844.33680555, 7.259714E+03, 3.633983E+01, 260.264855, 107.825633, 90.000000
 31844.33750000, 7.312744E+03, 3.596531E+01, 260.387707, 108.206771, 90.000000
 31844.33819444, 7.365162E+03, 3.559338E+01, 260.503566, 108.583694, 90.000000
 31844.33888889, 7.416971E+03, 3.522400E+01, 260.612688, 108.956499, 90.000000
 31844.33958333, 7.468173E+03, 3.485712E+01, 260.715321, 109.325283, 90.000000
 31844.34027778, 7.518770E+03, 3.449271E+01, 260.811699, 109.690139, 90.000000
 31844.34097222, 7.568765E+03, 3.413073E+01, 260.902046, 110.051156, 90.000000
 31844.34166667, 7.618160E+03, 3.377113E+01, 260.986575, 110.408421, 90.000000
 31844.34236111, 7.666958E+03, 3.341387E+01, 261.065492, 110.762019, 90.000000
 31844.34305555, 7.715160E+03, 3.305893E+01, 261.138990, 111.112030, 90.000000
 31844.34375000, 7.762769E+03, 3.270624E+01, 261.207257, 111.458535, 90.000000
 31844.34444444, 7.809788E+03, 3.235579E+01, 261.270471, 111.801610, 90.000000
 31844.34513889, 7.856218E+03, 3.200752E+01, 261.328803, 112.141330, 90.000000
 31844.34583333, 7.902062E+03, 3.166139E+01, 261.382416, 112.477766, 90.000000
 31844.34652778, 7.947322E+03, 3.131738E+01, 261.431467, 112.810989, 90.000000
 31844.34722222, 7.992001E+03, 3.097543E+01, 261.476107, 113.141068, 90.000000
 31844.34791667, 8.036100E+03, 3.063551E+01, 261.516479, 113.468067, 90.000000
 31844.34861111, 8.079621E+03, 3.029759E+01, 261.552722, 113.792052, 90.000000
 31844.34930555, 8.122567E+03, 2.996162E+01, 261.584968, 114.113084, 90.000000
 31844.35000000, 8.164940E+03, 2.962758E+01, 261.613344, 114.431224, 90.000000
 31844.35069444, 8.206742E+03, 2.929541E+01, 261.637974, 114.746531, 90.000000
 31844.35138889, 8.247974E+03, 2.896509E+01, 261.658975, 115.059061, 90.000000
 31844.35208333, 8.288639E+03, 2.863658E+01, 261.676459, 115.368871, 90.000000
 31844.35277778, 8.328740E+03, 2.830984E+01, 261.690536, 115.676014, 90.000000
 31844.35347222, 8.368277E+03, 2.798484E+01, 261.701310, 115.980542, 90.000000
 31844.35416667, 8.407252E+03, 2.766155E+01, 261.708883, 116.282507, 90.000000
 31844.35486111, 8.445669E+03, 2.733993E+01, 261.713351, 116.581958, 90.000000
 31844.35555555, 8.483527E+03, 2.701994E+01, 261.714808, 116.878943, 90.000000
 31844.35625000, 8.520830E+03, 2.670156E+01, 261.713344, 117.173510, 90.000000
 31844.35694444, 8.557579E+03, 2.638475E+01, 261.709046, 117.465702, 90.000000
 31844.35763889, 8.593776E+03, 2.606948E+01, 261.701999, 117.755566, 90.000000
 31844.35833333, 8.629423E+03, 2.575571E+01, 261.692282, 118.043144, 90.000000
 31844.35902778, 8.664521E+03, 2.544342E+01, 261.679976, 118.328477, 90.000000
 31844.35972222, 8.699072E+03, 2.513257E+01, 261.665154, 118.611608, 90.000000
 31844.36041667, 8.733078E+03, 2.482314E+01, 261.647891, 118.892575, 90.000000
 31844.36111111, 8.766540E+03, 2.451509E+01, 261.628256, 119.171417, 90.000000
 31844.36180555, 8.799461E+03, 2.420840E+01, 261.606319, 119.448171, 90.000000
 31844.36250000, 8.831840E+03, 2.390303E+01, 261.582145, 119.722876, 90.000000
 31844.36319444, 8.863681E+03, 2.359895E+01, 261.555799, 119.995565, 90.000000
 31844.36388889, 8.894985E+03, 2.329614E+01, 261.527342, 120.266274, 90.000000
 31844.36458333, 8.925753E+03, 2.299457E+01, 261.496834, 120.535037, 90.000000
 31844.36527778, 8.955986E+03, 2.269421E+01, 261.464334, 120.801886, 90.000000
 31844.36597222, 8.985686E+03, 2.239504E+01, 261.429897, 121.066854, 90.000000
 31844.36666667, 9.014855E+03, 2.209702E+01, 261.393580, 121.329972, 90.000000
 31844.36736111, 9.043494E+03, 2.180012E+01, 261.355434, 121.591269, 90.000000
 31844.36805555, 9.071604E+03, 2.150434E+01, 261.315511, 121.850776, 90.000000
 31844.36875000, 9.099187E+03, 2.120962E+01, 261.273861, 122.108522, 90.000000
 31844.36944444, 9.126243E+03, 2.091596E+01, 261.230534, 122.364534, 90.000000
 31844.37013889, 9.152775E+03, 2.062333E+01, 261.185575, 122.618840, 90.000000
 31844.37083333, 9.178783E+03, 2.033169E+01, 261.139031, 122.871467, 90.000000
 31844.37152778, 9.204269E+03, 2.004103E+01, 261.090947, 123.122439, 90.000000
 31844.37222222, 9.229233E+03, 1.975133E+01, 261.041366, 123.371783, 90.000000
 31844.37291667, 9.253678E+03, 1.946254E+01, 260.990330, 123.619523, 90.000000
 31844.37361111, 9.277604E+03, 1.917467E+01, 260.937880, 123.865682, 90.000000
 31844.37430555, 9.301012E+03, 1.888767E+01, 260.884057, 124.110284, 90.000000
 31844.37500000, 9.323903E+03, 1.860153E+01, 260.828899, 124.353352, 90.000000
 31844.37569444, 9.346279E+03, 1.831622E+01, 260.772444, 124.594907, 90.000000
 31844.37638889, 9.368141E+03, 1.803172E+01, 260.714730, 124.834972, 90.000000
 31844.37708333, 9.389489E+03, 1.774801E+01, 260.655793, 125.073565, 90.000000
 31844.37777778, 9.410325E+03, 1.746506E+01, 260.595669, 125.310709, 90.000000
 31844.37847222, 9.430649E+03, 1.718286E+01, 260.534390, 125.546422, 90.000000
 31844.37916667, 9.450462E+03, 1.690137E+01, 260.471992, 125.780724, 90.000000
 31844.37986111, 9.469766E+03, 1.662059E+01, 260.408507, 126.013632, 90.000000
 31844.38055555, 9.488562E+03, 1.634049E+01, 260.343967, 126.245166, 90.000000
 31844.38125000, 9.506849E+03, 1.606104E+01, 260.278404, 126.475342, 90.000000
 31844.38194444, 9.524629E+03, 1.578223E+01, 260.211849, 126.704178, 90.000000
 31844.38263889, 9.541904E+03, 1.550403E+01, 260.144331, 126.931690, 90.000000
 31844.38333333, 9.558673E+03, 1.522643E+01, 260.075881, 127.157894, 90.000000
 31844.38402778, 9.574937E+03, 1.494940E+01, 260.006526, 127.382805, 90.000000
 31844.38472222, 9.590697E+03, 1.467292E+01, 259.936296, 127.606439, 90.000000
 31844.38541667, 9.605954E+03, 1.439698E+01, 259.865217, 127.828809, 90.000000
 31844.38611111, 9.620709E+03, 1.412155E+01, 259.793318, 128.049931, 90.000000
 31844.38680555, 9.634962E+03, 1.384661E+01, 259.720625, 128.269817, 90.000000
 31844.38750000, 9.648714E+03, 1.357215E+01, 259.647163, 128.488481, 90.000000
 31844.38819444, 9.661966E+03, 1.329815E+01, 259.572960, 128.705935, 90.000000
 31844.38888889, 9.674717E+03, 1.302457E+01, 259.498040, 128.922192, 90.000000
 31844.38958333, 9.686970E+03, 1.275142E+01, 259.422427, 129.137263, 90.000000
 31844.39027778, 9.698723E+03, 1.247865E+01, 259.346147, 129.351160, 90.000000
 31844.39097222, 9.709979E+03, 1.220627E+01, 259.269224, 129.563893, 90.000000
 31844.39166667, 9.720737E+03, 1.193425E+01, 259.191680, 129.775474, 90.000000
 31844.39236111, 9.730997E+03, 1.166256E+01, 259.113540, 129.985911, 90.000000
 31844.39305555, 9.740761E+03, 1.139120E+01, 259.034826, 130.195215, 90.000000
 31844.39375000, 9.750029E+03, 1.112013E+01, 258.955561, 130.403395, 90.000000
 31844.39444444, 9.758801E+03, 1.084936E+01, 258.875768, 130.610460, 90.000000
 31844.39513889, 9.767078E+03, 1.057884E+01, 258.795467, 130.816417, 90.000000
 31844.39583333, 9.774859E+03, 1.030858E+01, 258.714682, 131.021275, 90.000000
 31844.39652778, 9.782146E+03, 1.003854E+01, 258.633433, 131.225042, 90.000000
 31844.39722222, 9.788938E+03, 9.768710E+00, 258.551741, 131.427724, 90.000000
 31844.39791667, 9.795236E+03, 9.499074E+00, 258.469629, 131.629328, 90.000000
 31844.39861111, 9.801041E+03, 9.229613E+00, 258.387115, 131.829861, 90.000000
 31844.39930555, 9.806352E+03, 8.960307E+00, 258.304222, 132.029328, 90.000000
 31844.40000000, 9.811170E+03, 8.691138E+00, 258.220969, 132.227734, 90.000000
 31844.40069444, 9.815495E+03, 8.422090E+00, 258.137376, 132.425085, 90.000000
 31844.40138889, 9.819327E+03, 8.153143E+00, 258.053463, 132.621385, 90.000000
 31844.40208333, 9.822666E+03, 7.884280E+00, 257.969250, 132.816638, 90.000000
 31844.40277778, 9.825513E+03, 7.615483E+00, 257.884758, 133.010849, 90.000000
 31844.40347222, 9.827867E+03, 7.346734E+00, 257.800004, 133.204019, 90.000000
 31844.40416667, 9.829729E+03, 7.078014E+00, 257.715009, 133.396153, 90.000000
 31844.40486111, 9.831099E+03, 6.809307E+00, 257.629791, 133.587253, 90.000000
 31844.40555555, 9.831977E+03, 6.540594E+00, 257.544371, 133.777320, 90.000000
 31844.40625000, 9.832363E+03, 6.271857E+00, 257.458767, 133.966357, 90.000000
 31844.40694444, 9.832257E+03, 6.003079E+00, 257.372997, 134.154364, 90.000000
 31844.40763889, 9.831658E+03, 5.734240E+00, 257.287082, 134.341342, 90.000000
 31844.40833333, 9.830568E+03, 5.465324E+00, 257.201038, 134.527291, 90.000000
 31844.40902778, 9.828986E+03, 5.196312E+00, 257.114887, 134.712211, 90.000000
 31844.40972222, 9.826911E+03, 4.927187E+00, 257.028645, 134.896102, 90.000000
 31844.41041667, 9.824344E+03, 4.657929E+00, 256.942333, 135.078962, 90.000000
 31844.41111111, 9.821285E+03, 4.388522E+00, 256.855968, 135.260790, 90.000000
 31844.41180555, 9.817733E+03, 4.118946E+00, 256.769569, 135.441583, 90.000000
 31844.41250000, 9.813689E+03, 3.849183E+00, 256.683154, 135.621339, 90.000000
 31844.41319444, 9.809151E+03, 3.579216E+00, 256.596744, 135.800055, 90.000000
 31844.41388889, 9.804121E+03, 3.309025E+00, 256.510355, 135.977728, 90.000000
 31844.41458333, 9.798597E+03, 3.038593E+00, 256.424007, 136.154352, 90.000000
 31844.41527778, 9.792580E+03, 2.767900E+00, 256.337719, 136.329925, 90.000000
 31844.41597222, 9.786069E+03, 2.496928E+00, 256.251510, 136.504440, 90.000000
 31844.41666667, 9.779064E+03, 2.225658E+00, 256.165397, 136.677891, 90.000000
 31844.41736111, 9.771565E+03, 1.954071E+00, 256.079402, 136.850274, 90.000000
 31844.41805555, 9.763571E+03, 1.682149E+00, 255.993541, 137.021580, 90.000000
 31844.41875000, 9.755082E+03, 1.409872E+00, 255.907835, 137.191803, 90.000000
 31844.41944444, 9.746097E+03, 1.137221E+00, 255.822303, 137.360934, 90.000000
 31844.42013889, 9.736617E+03, 8.641767E-01, 255.736965, 137.528966, 90.000000
 31844.42083333, 9.726640E+03, 5.907195E-01, 255.651839, 137.695889, 90.000000
 31844.42152778, 9.716167E+03, 3.168298E-01, 255.566945, 137.861693, 90.000000
 31844.42222222, 9.705196E+03, 4.248780E-02, 255.482303, 138.026368, 90.000000
 31844.42291667, 9.693728E+03, -2.323264E-01, 255.397934, 138.189904, 90.000000
 31844.42361111, 9.681761E+03, -5.076329E-01, 255.313857, 138.352288, 90.000000
 31844.42430555, 9.669296E+03, -7.834520E-01, 255.230093, 138.513508, 90.000000
 31844.42500000, 9.656332E+03, -1.059804E+00, 255.146662, 138.673552, 90.000000
 31844.42569444, 9.642867E+03, -1.336710E+00, 255.063585, 138.832405, 90.000000
 31844.42638889, 9.628902E+03, -1.614190E+00, 254.980883, 138.990054, 90.000000
 31844.42708333, 9.614436E+03, -1.892266E+00, 254.898578, 139.146483, 90.000000
 31844.42777778, 9.599468E+03, -2.170959E+00, 254.816691, 139.301676, 90.000000
 31844.42847222, 9.583998E+03, -2.450291E+00, 254.735243, 139.455617, 90.000000
 31844.42916667, 9.568025E+03, -2.730282E+00, 254.654258, 139.608288, 90.000000
 31844.42986111, 9.551547E+03, -3.010955E+00, 254.573757, 139.759672, 90.000000
 31844.43055555, 9.534565E+03, -3.292333E+00, 254.493763, 139.909748, 90.000000
 31844.43125000, 9.517078E+03, -3.574437E+00, 254.414299, 140.058498, 90.000000
 31844.43194444, 9.499085E+03, -3.857290E+00, 254.335389, 140.205900, 90.000000
 31844.43263889, 9.480584E+03, -4.140916E+00, 254.257056, 140.351933, 90.000000
 31844.43333333, 9.461575E+03, -4.425337E+00, 254.179325, 140.496575, 90.000000
 31844.43402778, 9.442058E+03, -4.710578E+00, 254.102221, 140.639801, 90.000000
 31844.43472222, 9.422031E+03, -4.996661E+00, 254.025768, 140.781588, 90.000000
 31844.43541667, 9.401494E+03, -5.283612E+00, 253.949992, 140.921910, 90.000000
 31844.43611111, 9.380445E+03, -5.571454E+00, 253.874919, 141.060741, 90.000000
 31844.43680555, 9.358884E+03, -5.860213E+00, 253.800576, 141.198054, 90.000000
 31844.43750000, 9.336809E+03, -6.149913E+00, 253.726990, 141.333819, 90.000000
 31844.43819444, 9.314219E+03, -6.440581E+00, 253.654188, 141.468007, 90.000000
 31844.43888889, 9.291114E+03, -6.732242E+00, 253.582198, 141.600588, 90.000000
 31844.43958333, 9.267493E+03, -7.024922E+00, 253.511050, 141.731529, 90.000000
 31844.44027778, 9.243354E+03, -7.318648E+00, 253.440772, 141.860798, 90.000000
 31844.44097222, 9.218696E+03, -7.613447E+00, 253.371395, 141.988361, 90.000000
 31844.44166667, 9.193518E+03, -7.909347E+00, 253.302949, 142.114182, 90.000000
 31844.44236111, 9.167818E+03, -8.206375E+00, 253.235465, 142.238225, 90.000000
 31844.44305555, 9.141597E+03, -8.504560E+00, 253.168977, 142.360451, 90.000000
 31844.44375000, 9.114852E+03, -8.803930E+00, 253.103516, 142.480821, 90.000000
 31844.44444444, 9.087582E+03, -9.104516E+00, 253.039117, 142.599294, 90.000000
 31844.44513889, 9.059786E+03, -9.406346E+00, 252.975814, 142.715829, 90.000000
 31844.44583333, 9.031462E+03, -9.709451E+00, 252.913642, 142.830382, 90.000000
 31844.44652778, 9.002610E+03, -1.001386E+01, 252.852638, 142.942907, 90.000000
 31844.44722222, 8.973228E+03, -1.031961E+01, 252.792840, 143.053359, 90.000000
 31844.44791667, 8.943314E+03, -1.062673E+01, 252.734284, 143.161689, 90.000000
 31844.44861111, 8.912867E+03, -1.093524E+01, 252.677012, 143.267847, 90.000000
 31844.44930555, 8.881886E+03, -1.124520E+01, 252.621063, 143.371783, 90.000000
 31844.45000000, 8.850370E+03, -1.155662E+01, 252.566479, 143.473443, 90.000000
 31844.45069444, 8.818316E+03, -1.186954E+01, 252.513302, 143.572773, 90.000000
 31844.45138889, 8.785723E+03, -1.218400E+01, 252.461577, 143.669717, 90.000000
 31844.45208333, 8.752589E+03, -1.250003E+01, 252.411349, 143.764215, 90.000000
 31844.45277778, 8.718914E+03, -1.281767E+01, 252.362665, 143.856208, 90.000000
 31844.45347222, 8.684695E+03, -1.313696E+01, 252.315572, 143.945635, 90.000000
 31844.45416667, 8.649932E+03, -1.345793E+01, 252.270120, 144.032430, 90.000000
 31844.45486111, 8.614621E+03, -1.378062E+01, 252.226361, 144.116529, 90.000000
 31844.45555555, 8.578761E+03, -1.410507E+01, 252.184347, 144.197864, 90.000000
 31844.45625000, 8.542352E+03, -1.443132E+01, 252.144133, 144.276364, 90.000000
 31844.45694444, 8.505390E+03, -1.475941E+01, 252.105774, 144.351958, 90.000000
 31844.45763889, 8.467875E+03, -1.508938E+01, 252.069329, 144.424570, 90.000000
 31844.45833333, 8.429804E+03, -1.542128E+01, 252.034858, 144.494126, 90.000000
 31844.45902778, 8.391176E+03, -1.575514E+01, 252.002423, 144.560546, 90.000000
 31844.45972222, 8.351989E+03, -1.609102E+01, 251.972088, 144.623748, 90.000000
 31844.46041667, 8.312241E+03, -1.642895E+01, 251.943920, 144.683651, 90.000000
 31844.46111111, 8.271929E+03, -1.676899E+01, 251.917987, 144.740167, 90.000000
 31844.46180555, 8.231053E+03, -1.711118E+01, 251.894361, 144.793208, 90.000000
 31844.46250000, 8.189609E+03, -1.745556E+01, 251.873116, 144.842684, 90.000000
 31844.46319444, 8.147597E+03, -1.780219E+01, 251.854329, 144.888501, 90.000000
 31844.46388889, 8.105014E+03, -1.815111E+01, 251.838079, 144.930564, 90.000000
 31844.46458333, 8.061858E+03, -1.850238E+01, 251.824448, 144.968772, 90.000000
 31844.46527778, 8.018127E+03, -1.885605E+01, 251.813522, 145.003024, 90.000000
 31844.46597222, 7.973819E+03, -1.921218E+01, 251.805391, 145.033217, 90.000000
 31844.46666667, 7.928932E+03, -1.957080E+01, 251.800146, 145.059243, 90.000000
 31844.46736111, 7.883463E+03, -1.993200E+01, 251.797885, 145.080991, 90.000000
 31844.46805555, 7.837411E+03, -2.029581E+01, 251.798708, 145.098349, 90.000000
 31844.46875000, 7.790773E+03, -2.066229E+01, 251.802718, 145.111199, 90.000000
 31844.46944444, 7.743547E+03, -2.103152E+01, 251.810024, 145.119423, 90.000000
 31844.47013889, 7.695731E+03, -2.140354E+01, 251.820740, 145.122898, 90.000000
 31844.47083333, 7.647322E+03, -2.177842E+01, 251.834984, 145.121497, 90.000000
 31844.47152778, 7.598319E+03, -2.215622E+01, 251.852879, 145.115092, 90.000000
 31844.47222222, 7.548719E+03, -2.253701E+01, 251.874554, 145.103550, 90.000000
 31844.47291667, 7.498520E+03, -2.292085E+01, 251.900142, 145.086734, 90.000000
 31844.47361111, 7.447719E+03, -2.330782E+01, 251.929785, 145.064504, 90.000000
 31844.47430555, 7.396314E+03, -2.369797E+01, 251.963628, 145.036718, 90.000000
 31844.47500000, 7.344303E+03, -2.409139E+01, 252.001826, 145.003227, 90.000000
 31844.47569444, 7.291683E+03, -2.448814E+01, 252.044540, 144.963880, 90.000000
 31844.47638889, 7.238452E+03, -2.488829E+01, 252.091937, 144.918523, 90.000000
 31844.47708333, 7.184607E+03, -2.529193E+01, 252.144194, 144.866996, 90.000000
 31844.47777778, 7.130147E+03, -2.569912E+01, 252.201496, 144.809136, 90.000000
 31844.47847222, 7.075069E+03, -2.610995E+01, 252.264038, 144.744775, 90.000000
 31844.47916667, 7.019369E+03, -2.652450E+01, 252.332023, 144.673741, 90.000000
 31844.47986111, 6.963047E+03, -2.694285E+01, 252.405666, 144.595858, 90.000000
 31844.48055555, 6.906099E+03, -2.736508E+01, 252.485191, 144.510945, 90.000000
 31844.48125000, 6.848524E+03, -2.779128E+01, 252.570837, 144.418816, 90.000000
 31844.48194444, 6.790318E+03, -2.822153E+01, 252.662853, 144.319279, 90.000000
 31844.48263889, 6.731480E+03, -2.865593E+01, 252.761501, 144.212139, 90.000000
 31844.48333333, 6.672006E+03, -2.909455E+01, 252.867059, 144.097194, 90.000000
 31844.48402778, 6.611895E+03, -2.953750E+01, 252.979821, 143.974238, 90.000000
 31844.48472222, 6.551145E+03, -2.998486E+01, 253.100094, 143.843058, 90.000000
 31844.48541667, 6.489753E+03, -3.043673E+01, 253.228205, 143.703436, 90.000000
 31844.48611111, 6.427717E+03, -3.089321E+01, 253.364500, 143.555147, 90.000000
 31844.48680555, 6.365034E+03, -3.135438E+01, 253.509344, 143.397961, 90.000000
 31844.48750000, 6.301703E+03, -3.182035E+01, 253.663125, 143.231639, 90.000000
 31844.48819444, 6.237721E+03, -3.229121E+01, 253.826252, 143.055938, 90.000000
 31844.48888889, 6.173087E+03, -3.276707E+01, 253.999160, 142.870606, 90.000000
 31844.48958333, 6.107798E+03, -3.324802E+01, 254.182313, 142.675383, 90.000000
 31844.49027778, 6.041853E+03, -3.373417E+01, 254.376202, 142.470003, 90.000000
 31844.49097222, 5.975250E+03, -3.422560E+01, 254.581349, 142.254190, 90.000000
 31844.49166667, 5.907987E+03, -3.472242E+01, 254.798310, 142.027659, 90.000000
 31844.49236111, 5.840062E+03, -3.522473E+01, 255.027678, 141.790117, 90.000000
 31844.49305555, 5.771475E+03, -3.573263E+01, 255.270086, 141.541262, 90.000000
 31844.49375000, 5.702224E+03, -3.624620E+01, 255.526208, 141.280779, 90.000000
 31844.49444444, 5.632307E+03, -3.676554E+01, 255.796764, 141.008345, 90.000000
 31844.49513889, 5.561725E+03, -3.729073E+01, 256.082527, 140.723625, 90.000000
 31844.49583333, 5.490475E+03, -3.782187E+01, 256.384322, 140.426271, 90.000000
 31844.49652778, 5.418558E+03, -3.835902E+01, 256.703033, 140.115923, 90.000000
 31844.49722222, 5.345973E+03, -3.890227E+01, 257.039608, 139.792209, 90.000000
 31844.49791667, 5.272720E+03, -3.945167E+01, 257.395067, 139.454741, 90.000000
 31844.49861111, 5.198800E+03, -4.000727E+01, 257.770504, 139.103116, 90.000000
 31844.49930555, 5.124212E+03, -4.056913E+01, 258.167096, 138.736917, 90.000000
 31844.50000000, 5.048958E+03, -4.113727E+01, 258.586110, 138.355709, 90.000000
 31844.50069444, 4.973039E+03, -4.171170E+01, 259.028913, 137.959038, 90.000000
 31844.50138889, 4.896457E+03, -4.229243E+01, 259.496979, 137.546434, 90.000000
 31844.50208333, 4.819213E+03, -4.287941E+01, 259.991897, 137.117404, 90.000000
 31844.50277778, 4.741311E+03, -4.347261E+01, 260.515389, 136.671435, 90.000000
 31844.50347222, 4.662752E+03, -4.407194E+01, 261.069313, 136.207992, 90.000000
 31844.50416667, 4.583542E+03, -4.467728E+01, 261.655681, 135.726514, 90.000000
 31844.50486111, 4.503684E+03, -4.528848E+01, 262.276675, 135.226417, 90.000000
 31844.50555555, 4.423183E+03, -4.590534E+01, 262.934655, 134.707088, 90.000000
 31844.50625000, 4.342044E+03, -4.652759E+01, 263.632185, 134.167887, 90.000000
 31844.50694444, 4.260276E+03, -4.715492E+01, 264.372043, 133.608140, 90.000000
 31844.50763889, 4.177884E+03, -4.778693E+01, 265.157245, 133.027145, 90.000000
 31844.50833333, 4.094878E+03, -4.842314E+01, 265.991060, 132.424163, 90.000000
 31844.50902778, 4.011267E+03, -4.906298E+01, 266.877038, 131.798419, 90.000000
 31844.50972222, 3.927061E+03, -4.970576E+01, 267.819026, 131.149098, 90.000000
 31844.51041667, 3.842274E+03, -5.035065E+01, 268.821188, 130.475346, 90.000000
 31844.51111111, 3.756918E+03, -5.099669E+01, 269.888034, 129.776265, 90.000000
 31844.51180555, 3.671008E+03, -5.164274E+01, 271.024427, 129.050910, 90.000000
 31844.51250000, 3.584561E+03, -5.228743E+01, 272.235607, 128.298288, 90.000000
 31844.51319444, 3.497596E+03, -5.292921E+01, 273.527195, 127.517355, 90.000000
 31844.51388889, 3.410133E+03, -5.356622E+01, 274.905198, 126.707012, 90.000000
 31844.51458333, 3.322196E+03, -5.419633E+01, 276.375992, 125.866105, 90.000000
 31844.51527778, 3.233809E+03, -5.481706E+01, 277.946298, 124.993417, 90.000000
 31844.51597222, 3.145001E+03, -5.542552E+01, 279.623132, 124.087671, 90.000000
 31844.51666667, 3.055802E+03, -5.601841E+01, 281.413717, 123.147523, 90.000000
 31844.51736111, 2.966248E+03, -5.659193E+01, 283.325372, 122.171561, 90.000000
 31844.51805555, 2.876376E+03, -5.714174E+01, 285.365339, 121.158302, 90.000000
 31844.51875000, 2.786226E+03, -5.766290E+01, 287.540562, 120.106192, 90.000000
 31844.51944444, 2.695846E+03, -5.814985E+01, 289.857392, 119.013599, 90.000000
 31844.52013889, 2.605287E+03, -5.859634E+01, 292.321227, 117.878816, 90.000000
 31844.52083333, 2.514602E+03, -5.899543E+01, 294.936070, 116.700060, 90.000000
 31844.52152778, 2.423855E+03, -5.933949E+01, 297.704029, 115.475469, 90.000000
 31844.52222222, 2.333111E+03, -5.962022E+01, 300.624764, 114.203107, 90.000000
 31844.52291667, 2.242446E+03, -5.982872E+01, 303.694929, 112.880966, 90.000000
 31844.52361111, 2.151940E+03, -5.995563E+01, 306.907656, 111.506967, 90.000000
 31844.52430555, 2.061682E+03, -5.999122E+01, 310.252164, 110.078973, 90.000000
 31844.52500000, 1.971769E+03, -5.992568E+01, 313.713553, 108.594796, 90.000000
 31844.52569444, 1.882309E+03, -5.974927E+01, 317.272885, 107.052209, 90.000000
 31844.52638889, 1.793418E+03, -5.945264E+01, 320.907584, 105.448967, 90.000000
 31844.52708333, 1.705223E+03, -5.902709E+01, 324.592185, 103.782827, 90.000000
 31844.52777778, 1.617863E+03, -5.846476E+01, 328.299378, 102.051581, 90.000000
 31844.52847222, 1.531488E+03, -5.775888E+01, 332.001268, 100.253094, 90.000000
 31844.52916667, 1.446263E+03, -5.690388E+01, 335.670695, 98.385346, 90.000000
 31844.52986111, 1.362364E+03, -5.589547E+01, 339.282479, 96.446496, 90.000000
 31844.53055555, 1.279983E+03, -5.473063E+01, 342.814448, 94.434950, 90.000000
 31844.53125000, 1.199328E+03, -5.340759E+01, 346.248156, 92.349441, 90.000000
 31844.53194444, 1.120621E+03, -5.192569E+01, 349.569267, 90.189135, 90.000000
 31844.53263889, 1.044100E+03, -5.028534E+01, 352.767608, 87.953739, 90.000000
 31844.53333333, 9.700234E+02, -4.848793E+01, 355.836972, 85.643636, 90.000000
 31844.53402778, 8.986638E+02, -4.653573E+01, 358.774723, 83.260022, 90.000000
 31844.53472222, 8.303132E+02, -4.443190E+01, 1.581311, 80.805059, 90.000000
 31844.53541667, 7.652808E+02, -4.218045E+01, 4.259749, 78.282031, 90.000000
 31844.53611111, 7.038917E+02, -3.978632E+01, 6.815111, 75.695500, 90.000000
 31844.53680555, 6.464841E+02, -3.725537E+01, 9.254095, 73.051450, 90.000000
 31844.53750000, 5.934047E+02, -3.459447E+01, 11.584633, 70.357427, 90.000000
 31844.53819444, 5.450002E+02, -3.181150E+01, 13.815581, 67.622667, 90.000000
 31844.53888889, 5.016073E+02, -2.891541E+01, 15.956450, 64.858225, 90.000000
 31844.53958333, 4.635387E+02, -2.591617E+01, 18.017171, 62.077122, 90.000000
 31844.54027778, 4.310683E+02, -2.282476E+01, 20.007868, 59.294518, 90.000000
 31844.54097222, 4.044159E+02, -1.965309E+01, 21.938635, 56.527944, 90.000000
 31844.54166667, 3.837349E+02, -1.641395E+01, 23.819308, 53.797565, 90.000000
 31844.54236111, 3.691054E+02, -1.312088E+01, 25.659256, 51.126478, 90.000000
 31844.54305555, 3.605338E+02, -9.788122E+00, 27.467192, 48.540947, 90.000000
 31844.54375000, 3.579611E+02, -6.430419E+00, 29.251061, 46.070503, 90.000000
 31844.54444444, 3.612769E+02, -3.062865E+00, 31.017996, 43.747752, 90.000000
 31844.54513889, 3.703371E+02, 2.993496E-01, 32.774368, 41.607751, 90.000000
 31844.54583333, 3.849815E+02, 3.641219E+00, 34.525914, 39.686793, 90.000000
 31844.54652778, 4.050469E+02, 6.948233E+00, 36.277928, 38.020494, 90.000000
 31844.54722222, 4.303755E+02, 1.020668E+01, 38.035463, 36.641209, 90.000000
 31844.54791667, 4.608158E+02, 1.340390E+01, 39.803531, 35.574977, 90.000000
 31844.54861111, 4.962185E+02, 1.652849E+01, 41.587257, 34.838494, 90.000000
 31844.54930555, 5.364292E+02, 1.957038E+01, 43.391974, 34.436784, 90.000000
 31844.55000000, 5.812812E+02, 2.252088E+01, 45.223252, 34.362275, 90.000000
 31844.55069444, 6.305891E+02, 2.537265E+01, 47.086868, 34.595607, 90.000000
 31844.55138889, 6.841455E+02, 2.811956E+01, 48.988725, 35.108028, 90.000000
 31844.55208333, 7.417214E+02, 3.075666E+01, 50.934737, 35.864710, 90.000000
 31844.55277778, 8.030690E+02, 3.327995E+01, 52.930700, 36.828204, 90.000000
 31844.55347222, 8.679264E+02, 3.568635E+01, 54.982141, 37.961364, 90.000000
 31844.55416667, 9.360236E+02, 3.797352E+01, 57.094175, 39.229442, 90.000000
 31844.55486111, 1.007088E+03, 4.013982E+01, 59.271353, 40.601308, 90.000000
 31844.55555555, 1.080851E+03, 4.218415E+01, 61.517512, 42.049970, 90.000000
 31844.55625000, 1.157050E+03, 4.410595E+01, 63.835616, 43.552593, 90.000000
 31844.55694444, 1.235434E+03, 4.590509E+01, 66.227603, 45.090231, 90.000000
