'*',    73,     1,    31,    34,     6,     6,    -1,     0
'SPENVIS 4.6.11.3477          - 12-Apr-2024 10:14:16'
'PRJ_DEF', -1,'NICK'
'PRJ_HDR', -1,'ATOX'
'MOD_ABB', -1,'ORB'
'MIS_PLA',  1,    4,' '
'PLA_RAD', 1,   3389.90,'km'
'PLA_DIS', 1,     1.524,'AU'
'MIS_NTR',  1,    1,' '
'MIS_STA',  1,  31844.00000000,' '
'MIS_END',  1,  32574.00000000,' '
'MIS_DUR',  1, 7.300000E+02,'days'
'ORB_HDR', -1,' '
'ORB_TYP', -1,'GEN'
'ORB_MJD',  1,  31844.00000000,' '
'ORB_YEA',  1, 2037,' '
'ORB_MON',  1,  3,' '
'ORB_DAY',  1,  9,' '
'ORB_HOU',  1,  0,' '
'ORB_MIN',  1,  0,' '
'ORB_SEC',  1,  0.0,' '
'ORB_APO',  1, 1.000000E+04,'km'
'ORB_PER',  1, 2.500000E+02,'km'
'ORB_INC',  1,    60.00,'deg'
'ORB_RAA',  1,     0.00,'deg'
'ORB_ARG',  1,     0.00,'deg'
'ORB_TRA',  1,     0.00,'deg'
'ORB_PRD',  1, 6.626455E+00,'hrs'
'ORB_DUR',  1, 5.522046E-01,'days'
'ORB_TSE',  1,  32574.00000000,' '
'ORB_AXM',  1,  0,' '
'ORB_MJR', -1,'1 Jan 1950, 00:00 UT'
'ORB_GDR', -1,'Astron. J. 66, 15, 1961'
'PS Annotation',  8,  1
'Mission start: 09/03/2037 00:00:00'
 0.05, 0.00, 0.00
'Mission end: 09/03/2039 00:00:00'
 0.95, 0.00, 1.00
'Nr. of segments:   1'
 0.05, 1.50, 0.00
'Duration: 730.00 days'
 0.95, 0.00, 1.00
'PS Annotation', 24,  0
'Segment  1:'
 0.05, 2.00, 0.00
'Apogee: 10000.0 km'
 0.05, 1.50, 0.00
'Perigee: 250.0 km'
 0.50, 0.00, 0.50
'Inclination: 60.0 deg'
 0.95, 0.00, 1.00
'R.A. Asc. Node: 0.0 deg'
 0.05, 1.50, 0.00
'Arg. Per.: 0.0 deg'
 0.50, 0.00, 0.50
'True Anomaly: 0.0 deg'
 0.95, 0.00, 1.00
'Period: 6.63 hrs'
 0.05, 1.50, 0.00
'Duration: 0.55 days'
 0.50, 0.00, 0.50
'2.00 Orbits'
 0.95, 0.00, 1.00
'Orbit start: 09/03/2037 00:00:00'
 0.05, 1.50, 0.00
'Orbit end: 09/03/2037 13:15:10'
 0.95, 0.00, 1.00
'MJD','days',  1,'Modified Julian Day'
'Altitude','km  ',  1,'Altitude'
'Latitude','deg ',  1,'Latitude'
'Longitude','deg ',  1,'Longitude'
'SPS','deg ',  1,'Sun-planet-Satellite angle'
'Alpha','deg ',  1,'Pitch Angle'
 31844.00000000,  2.459000E+02,  0.000000E+00, 223.942534,  41.454815,  90.000000
 31844.00069444,  2.492256E+02,  3.557221E+00, 225.719472,  39.487490,  90.000000
 31844.00138889,  2.593300E+02,  7.095136E+00, 227.481009,  37.825232,  90.000000
 31844.00208333,  2.763246E+02,  1.059722E+01, 229.236885,  36.504610,  90.000000
 31844.00277778,  3.001979E+02,  1.404780E+01, 230.997658,  35.552403,  90.000000
 31844.00347222,  3.308109E+02,  1.743215E+01, 232.774351,  34.982143,  90.000000
 31844.00416667,  3.679081E+02,  2.073660E+01, 234.578074,  34.791929,  90.000000
 31844.00486111,  4.111414E+02,  2.394867E+01, 236.419703,  34.964323,  90.000000
 31844.00555556,  4.600998E+02,  2.705716E+01, 238.309634,  35.468561,  90.000000
 31844.00625000,  5.143387E+02,  3.005226E+01, 240.257648,  36.264499,  90.000000
 31844.00694444,  5.734047E+02,  3.292567E+01, 242.272854,  37.307204,  90.000000
 31844.00763889,  6.368540E+02,  3.567052E+01, 244.363673,  38.551139,  90.000000
 31844.00833333,  7.042637E+02,  3.828138E+01, 246.537838,  39.953286,  90.000000
 31844.00902778,  7.752374E+02,  4.075411E+01, 248.802366,  41.475053,  90.000000
 31844.00972222,  8.494077E+02,  4.308570E+01, 251.163475,  43.083127,  90.000000
 31844.01041667,  9.264352E+02,  4.527411E+01, 253.626446,  44.749585,  90.000000
 31844.01111111,  1.006007E+03,  4.731808E+01, 256.195405,  46.451541,  90.000000
 31844.01180556,  1.087835E+03,  4.921704E+01, 258.873048,  48.170582,  90.000000
 31844.01250000,  1.171652E+03,  5.097096E+01, 261.660315,  49.892122,  90.000000
 31844.01319444,  1.257215E+03,  5.258029E+01, 264.556036,  51.604770,  90.000000
 31844.01388889,  1.344296E+03,  5.404597E+01, 267.556583,  53.299760,  90.000000
 31844.01458333,  1.432687E+03,  5.536939E+01, 270.655569,  54.970458,  90.000000
 31844.01527778,  1.522198E+03,  5.655247E+01, 273.843643,  56.611943,  90.000000
 31844.01597222,  1.612651E+03,  5.759770E+01, 277.108423,  58.220661,  90.000000
 31844.01666667,  1.703887E+03,  5.850821E+01, 280.434616,  59.794148,  90.000000
 31844.01736111,  1.795759E+03,  5.928781E+01, 283.804342,  61.330793,  90.000000
 31844.01805556,  1.888132E+03,  5.994104E+01, 287.197674,  62.829665,  90.000000
 31844.01875000,  1.980884E+03,  6.047316E+01, 290.593351,  64.290355,  90.000000
 31844.01944444,  2.073904E+03,  6.089012E+01, 293.969620,  65.712864,  90.000000
 31844.02013889,  2.167091E+03,  6.119848E+01, 297.305122,  67.097506,  90.000000
 31844.02083333,  2.260353E+03,  6.140529E+01, 300.579739,  68.444834,  90.000000
 31844.02152778,  2.353609E+03,  6.151798E+01, 303.775313,  69.755577,  90.000000
 31844.02222222,  2.446782E+03,  6.154416E+01, 306.876196,  71.030596,  90.000000
 31844.02291667,  2.539805E+03,  6.149151E+01, 309.869585,  72.270844,  90.000000
 31844.02361111,  2.632617E+03,  6.136762E+01, 312.745646,  73.477335,  90.000000
 31844.02430556,  2.725162E+03,  6.117985E+01, 315.497466,  74.651122,  90.000000
 31844.02500000,  2.817391E+03,  6.093523E+01, 318.120840,  75.793280,  90.000000
 31844.02569444,  2.909259E+03,  6.064039E+01, 320.613979,  76.904887,  90.000000
 31844.02638889,  3.000724E+03,  6.030149E+01, 322.977146,  77.987018,  90.000000
 31844.02708333,  3.091752E+03,  5.992423E+01, 325.212285,  79.040732,  90.000000
 31844.02777778,  3.182308E+03,  5.951377E+01, 327.322660,  80.067069,  90.000000
 31844.02847222,  3.272364E+03,  5.907482E+01, 329.312521,  81.067043,  90.000000
 31844.02916667,  3.361893E+03,  5.861157E+01, 331.186815,  82.041639,  90.000000
 31844.02986111,  3.450871E+03,  5.812780E+01, 332.950936,  82.991813,  90.000000
 31844.03055556,  3.539277E+03,  5.762684E+01, 334.610532,  83.918486,  90.000000
 31844.03125000,  3.627093E+03,  5.711165E+01, 336.171338,  84.822546,  90.000000
 31844.03194444,  3.714301E+03,  5.658484E+01, 337.639061,  85.704850,  90.000000
 31844.03263889,  3.800887E+03,  5.604870E+01, 339.019287,  86.566219,  90.000000
 31844.03333333,  3.886837E+03,  5.550523E+01, 340.317413,  87.407441,  90.000000
 31844.03402778,  3.972139E+03,  5.495619E+01, 341.538609,  88.229272,  90.000000
 31844.03472222,  4.056783E+03,  5.440309E+01, 342.687786,  89.032435,  90.000000
 31844.03541667,  4.140760E+03,  5.384727E+01, 343.769583,  89.817624,  90.000000
 31844.03611111,  4.224062E+03,  5.328987E+01, 344.788361,  90.585502,  90.000000
 31844.03680556,  4.306682E+03,  5.273189E+01, 345.748205,  91.336703,  90.000000
 31844.03750000,  4.388614E+03,  5.217419E+01, 346.652930,  92.071834,  90.000000
 31844.03819444,  4.469853E+03,  5.161751E+01, 347.506092,  92.791474,  90.000000
 31844.03888889,  4.550395E+03,  5.106247E+01, 348.310998,  93.496179,  90.000000
 31844.03958333,  4.630235E+03,  5.050963E+01, 349.070722,  94.186478,  90.000000
 31844.04027778,  4.709372E+03,  4.995945E+01, 349.788118,  94.862878,  90.000000
 31844.04097222,  4.787803E+03,  4.941231E+01, 350.465833,  95.525864,  90.000000
 31844.04166667,  4.865525E+03,  4.886854E+01, 351.106324,  96.175899,  90.000000
 31844.04236111,  4.942538E+03,  4.832843E+01, 351.711868,  96.813426,  90.000000
 31844.04305556,  5.018841E+03,  4.779220E+01, 352.284581,  97.438870,  90.000000
 31844.04375000,  5.094433E+03,  4.726004E+01, 352.826422,  98.052635,  90.000000
 31844.04444444,  5.169313E+03,  4.673210E+01, 353.339212,  98.655110,  90.000000
 31844.04513889,  5.243484E+03,  4.620850E+01, 353.824641,  99.246666,  90.000000
 31844.04583333,  5.316944E+03,  4.568934E+01, 354.284280,  99.827660,  90.000000
 31844.04652778,  5.389694E+03,  4.517468E+01, 354.719587, 100.398431,  90.000000
 31844.04722222,  5.461736E+03,  4.466458E+01, 355.131922, 100.959305,  90.000000
 31844.04791667,  5.533071E+03,  4.415907E+01, 355.522549, 101.510596,  90.000000
 31844.04861111,  5.603700E+03,  4.365817E+01, 355.892645, 102.052604,  90.000000
 31844.04930556,  5.673624E+03,  4.316187E+01, 356.243308, 102.585615,  90.000000
 31844.05000000,  5.742847E+03,  4.267018E+01, 356.575563, 103.109905,  90.000000
 31844.05069444,  5.811368E+03,  4.218306E+01, 356.890366, 103.625739,  90.000000
 31844.05138889,  5.879192E+03,  4.170050E+01, 357.188611, 104.133370,  90.000000
 31844.05208333,  5.946318E+03,  4.122246E+01, 357.471134, 104.633042,  90.000000
 31844.05277778,  6.012751E+03,  4.074890E+01, 357.738719, 105.124989,  90.000000
 31844.05347222,  6.078492E+03,  4.027976E+01, 357.992098, 105.609435,  90.000000
 31844.05416667,  6.143544E+03,  3.981501E+01, 358.231959, 106.086598,  90.000000
 31844.05486111,  6.207909E+03,  3.935459E+01, 358.458946, 106.556683,  90.000000
 31844.05555556,  6.271589E+03,  3.889843E+01, 358.673667, 107.019892,  90.000000
 31844.05625000,  6.334588E+03,  3.844648E+01, 358.876689, 107.476416,  90.000000
 31844.05694444,  6.396908E+03,  3.799868E+01, 359.068550, 107.926439,  90.000000
 31844.05763889,  6.458551E+03,  3.755496E+01, 359.249752, 108.370140,  90.000000
 31844.05833333,  6.519520E+03,  3.711525E+01, 359.420772, 108.807689,  90.000000
 31844.05902778,  6.579819E+03,  3.667949E+01, 359.582056, 109.239253,  90.000000
 31844.05972222,  6.639449E+03,  3.624761E+01, 359.734029, 109.664988,  90.000000
 31844.06041667,  6.698414E+03,  3.581955E+01, 359.877088, 110.085050,  90.000000
 31844.06111111,  6.756716E+03,  3.539523E+01,   0.011611, 110.499584,  90.000000
 31844.06180556,  6.814358E+03,  3.497459E+01,   0.137955, 110.908734,  90.000000
 31844.06250000,  6.871343E+03,  3.455755E+01,   0.256457, 111.312636,  90.000000
 31844.06319444,  6.927674E+03,  3.414406E+01,   0.367437, 111.711423,  90.000000
 31844.06388889,  6.983353E+03,  3.373405E+01,   0.471198, 112.105223,  90.000000
 31844.06458333,  7.038383E+03,  3.332744E+01,   0.568027, 112.494158,  90.000000
 31844.06527778,  7.092768E+03,  3.292417E+01,   0.658197, 112.878349,  90.000000
 31844.06597222,  7.146508E+03,  3.252418E+01,   0.741967, 113.257910,  90.000000
 31844.06666667,  7.199608E+03,  3.212740E+01,   0.819583, 113.632951,  90.000000
 31844.06736111,  7.252071E+03,  3.173376E+01,   0.891279, 114.003582,  90.000000
 31844.06805556,  7.303898E+03,  3.134321E+01,   0.957278, 114.369904,  90.000000
 31844.06875000,  7.355092E+03,  3.095568E+01,   1.017791, 114.732019,  90.000000
 31844.06944444,  7.405657E+03,  3.057112E+01,   1.073021, 115.090023,  90.000000
 31844.07013889,  7.455594E+03,  3.018945E+01,   1.123160, 115.444010,  90.000000
 31844.07083333,  7.504907E+03,  2.981062E+01,   1.168392, 115.794071,  90.000000
 31844.07152778,  7.553597E+03,  2.943457E+01,   1.208892, 116.140294,  90.000000
 31844.07222222,  7.601668E+03,  2.906124E+01,   1.244827, 116.482764,  90.000000
 31844.07291667,  7.649122E+03,  2.869059E+01,   1.276358, 116.821562,  90.000000
 31844.07361111,  7.695961E+03,  2.832254E+01,   1.303637, 117.156769,  90.000000
 31844.07430556,  7.742189E+03,  2.795705E+01,   1.326810, 117.488462,  90.000000
 31844.07500000,  7.787806E+03,  2.759406E+01,   1.346018, 117.816716,  90.000000
 31844.07569444,  7.832817E+03,  2.723352E+01,   1.361394, 118.141602,  90.000000
 31844.07638889,  7.877222E+03,  2.687538E+01,   1.373068, 118.463191,  90.000000
 31844.07708333,  7.921025E+03,  2.651959E+01,   1.381161, 118.781552,  90.000000
 31844.07777778,  7.964228E+03,  2.616609E+01,   1.385792, 119.096749,  90.000000
 31844.07847222,  8.006833E+03,  2.581483E+01,   1.387075, 119.408847,  90.000000
 31844.07916667,  8.048842E+03,  2.546578E+01,   1.385119, 119.717907,  90.000000
 31844.07986111,  8.090257E+03,  2.511888E+01,   1.380027, 120.023990,  90.000000
 31844.08055556,  8.131082E+03,  2.477408E+01,   1.371900, 120.327155,  90.000000
 31844.08125000,  8.171317E+03,  2.443134E+01,   1.360835, 120.627456,  90.000000
 31844.08194444,  8.210965E+03,  2.409062E+01,   1.346924, 120.924950,  90.000000
 31844.08263889,  8.250028E+03,  2.375186E+01,   1.330258, 121.219689,  90.000000
 31844.08333333,  8.288509E+03,  2.341503E+01,   1.310922, 121.511725,  90.000000
 31844.08402778,  8.326408E+03,  2.308009E+01,   1.288999, 121.801109,  90.000000
 31844.08472222,  8.363729E+03,  2.274699E+01,   1.264569, 122.087888,  90.000000
 31844.08541667,  8.400472E+03,  2.241569E+01,   1.237709, 122.372109,  90.000000
 31844.08611111,  8.436641E+03,  2.208615E+01,   1.208493, 122.653820,  90.000000
 31844.08680556,  8.472237E+03,  2.175833E+01,   1.176994, 122.933063,  90.000000
 31844.08750000,  8.507261E+03,  2.143219E+01,   1.143281, 123.209882,  90.000000
 31844.08819444,  8.541716E+03,  2.110770E+01,   1.107420, 123.484319,  90.000000
 31844.08888889,  8.575603E+03,  2.078482E+01,   1.069476, 123.756415,  90.000000
 31844.08958333,  8.608925E+03,  2.046350E+01,   1.029512, 124.026209,  90.000000
 31844.09027778,  8.641682E+03,  2.014372E+01,   0.987589, 124.293739,  90.000000
 31844.09097222,  8.673877E+03,  1.982544E+01,   0.943764, 124.559043,  90.000000
 31844.09166667,  8.705511E+03,  1.950862E+01,   0.898095, 124.822156,  90.000000
 31844.09236111,  8.736586E+03,  1.919323E+01,   0.850636, 125.083114,  90.000000
 31844.09305556,  8.767103E+03,  1.887923E+01,   0.801440, 125.341951,  90.000000
 31844.09375000,  8.797064E+03,  1.856660E+01,   0.750560, 125.598699,  90.000000
 31844.09444444,  8.826471E+03,  1.825529E+01,   0.698045, 125.853391,  90.000000
 31844.09513889,  8.855325E+03,  1.794528E+01,   0.643944, 126.106057,  90.000000
 31844.09583333,  8.883628E+03,  1.763654E+01,   0.588304, 126.356729,  90.000000
 31844.09652778,  8.911381E+03,  1.732903E+01,   0.531170, 126.605435,  90.000000
 31844.09722222,  8.938585E+03,  1.702272E+01,   0.472587, 126.852203,  90.000000
 31844.09791667,  8.965241E+03,  1.671758E+01,   0.412599, 127.097061,  90.000000
 31844.09861111,  8.991352E+03,  1.641359E+01,   0.351246, 127.340037,  90.000000
 31844.09930556,  9.016919E+03,  1.611071E+01,   0.288571, 127.581155,  90.000000
 31844.10000000,  9.041942E+03,  1.580891E+01,   0.224613, 127.820440,  90.000000
 31844.10069444,  9.066423E+03,  1.550817E+01,   0.159410, 128.057918,  90.000000
 31844.10138889,  9.090364E+03,  1.520846E+01,   0.093000, 128.293612,  90.000000
 31844.10208333,  9.113765E+03,  1.490975E+01,   0.025420, 128.527543,  90.000000
 31844.10277778,  9.136627E+03,  1.461200E+01, 359.956706, 128.759736,  90.000000
 31844.10347222,  9.158953E+03,  1.431521E+01, 359.886893, 128.990210,  90.000000
 31844.10416667,  9.180742E+03,  1.401933E+01, 359.816014, 129.218987,  90.000000
 31844.10486111,  9.201997E+03,  1.372435E+01, 359.744103, 129.446086,  90.000000
 31844.10555556,  9.222717E+03,  1.343023E+01, 359.671193, 129.671528,  90.000000
 31844.10625000,  9.242905E+03,  1.313695E+01, 359.597316, 129.895329,  90.000000
 31844.10694444,  9.262561E+03,  1.284448E+01, 359.522501, 130.117509,  90.000000
 31844.10763889,  9.281685E+03,  1.255281E+01, 359.446781, 130.338086,  90.000000
 31844.10833333,  9.300280E+03,  1.226190E+01, 359.370184, 130.557074,  90.000000
 31844.10902778,  9.318346E+03,  1.197173E+01, 359.292739, 130.774491,  90.000000
 31844.10972222,  9.335884E+03,  1.168228E+01, 359.214475, 130.990353,  90.000000
 31844.11041667,  9.352895E+03,  1.139352E+01, 359.135420, 131.204673,  90.000000
 31844.11111111,  9.369379E+03,  1.110543E+01, 359.055602, 131.417467,  90.000000
 31844.11180556,  9.385337E+03,  1.081799E+01, 358.975046, 131.628748,  90.000000
 31844.11250000,  9.400771E+03,  1.053116E+01, 358.893780, 131.838530,  90.000000
 31844.11319444,  9.415681E+03,  1.024494E+01, 358.811829, 132.046824,  90.000000
 31844.11388889,  9.430067E+03,  9.959293E+00, 358.729218, 132.253643,  90.000000
 31844.11458333,  9.443931E+03,  9.674198E+00, 358.645973, 132.458999,  90.000000
 31844.11527778,  9.457273E+03,  9.389635E+00, 358.562118, 132.662902,  90.000000
 31844.11597222,  9.470093E+03,  9.105580E+00, 358.477678, 132.865362,  90.000000
 31844.11666667,  9.482393E+03,  8.822013E+00, 358.392675, 133.066390,  90.000000
 31844.11736111,  9.494173E+03,  8.538910E+00, 358.307133, 133.265994,  90.000000
 31844.11805556,  9.505433E+03,  8.256250E+00, 358.221076, 133.464185,  90.000000
 31844.11875000,  9.516175E+03,  7.974012E+00, 358.134526, 133.660968,  90.000000
 31844.11944444,  9.526398E+03,  7.692175E+00, 358.047505, 133.856354,  90.000000
 31844.12013889,  9.536103E+03,  7.410716E+00, 357.960036, 134.050348,  90.000000
 31844.12083333,  9.545291E+03,  7.129615E+00, 357.872141, 134.242957,  90.000000
 31844.12152778,  9.553961E+03,  6.848851E+00, 357.783840, 134.434187,  90.000000
 31844.12222222,  9.562115E+03,  6.568402E+00, 357.695156, 134.624045,  90.000000
 31844.12291667,  9.569753E+03,  6.288249E+00, 357.606108, 134.812534,  90.000000
 31844.12361111,  9.576876E+03,  6.008370E+00, 357.516719, 134.999661,  90.000000
 31844.12430556,  9.583482E+03,  5.728744E+00, 357.427009, 135.185427,  90.000000
 31844.12500000,  9.589574E+03,  5.449352E+00, 357.336999, 135.369839,  90.000000
 31844.12569444,  9.595151E+03,  5.170172E+00, 357.246707, 135.552897,  90.000000
 31844.12638889,  9.600213E+03,  4.891185E+00, 357.156156, 135.734605,  90.000000
 31844.12708333,  9.604761E+03,  4.612370E+00, 357.065364, 135.914965,  90.000000
 31844.12777778,  9.608795E+03,  4.333707E+00, 356.974351, 136.093978,  90.000000
 31844.12847222,  9.612315E+03,  4.055176E+00, 356.883138, 136.271645,  90.000000
 31844.12916667,  9.615321E+03,  3.776756E+00, 356.791744, 136.447966,  90.000000
 31844.12986111,  9.617814E+03,  3.498427E+00, 356.700187, 136.622942,  90.000000
 31844.13055556,  9.619793E+03,  3.220169E+00, 356.608489, 136.796572,  90.000000
 31844.13125000,  9.621259E+03,  2.941963E+00, 356.516667, 136.968854,  90.000000
 31844.13194444,  9.622211E+03,  2.663788E+00, 356.424741, 137.139787,  90.000000
 31844.13263889,  9.622651E+03,  2.385624E+00, 356.332731, 137.309368,  90.000000
 31844.13333333,  9.622577E+03,  2.107451E+00, 356.240655, 137.477596,  90.000000
 31844.13402778,  9.621990E+03,  1.829249E+00, 356.148532, 137.644465,  90.000000
 31844.13472222,  9.620889E+03,  1.550998E+00, 356.056383, 137.809973,  90.000000
 31844.13541667,  9.619275E+03,  1.272678E+00, 355.964225, 137.974115,  90.000000
 31844.13611111,  9.617148E+03,  9.942684E-01, 355.872078, 138.136886,  90.000000
 31844.13680556,  9.614508E+03,  7.157496E-01, 355.779960, 138.298280,  90.000000
 31844.13750000,  9.611353E+03,  4.371012E-01, 355.687892, 138.458291,  90.000000
 31844.13819444,  9.607685E+03,  1.583030E-01, 355.595892, 138.616912,  90.000000
 31844.13888889,  9.603504E+03, -1.206653E-01, 355.503979, 138.774137,  90.000000
 31844.13958333,  9.598807E+03, -3.998240E-01, 355.412173, 138.929956,  90.000000
 31844.14027778,  9.593597E+03, -6.791935E-01, 355.320493, 139.084361,  90.000000
 31844.14097222,  9.587872E+03, -9.587944E-01, 355.228958, 139.237343,  90.000000
 31844.14166667,  9.581632E+03, -1.238647E+00, 355.137588, 139.388893,  90.000000
 31844.14236111,  9.574876E+03, -1.518773E+00, 355.046403, 139.538999,  90.000000
 31844.14305556,  9.567606E+03, -1.799191E+00, 354.955422, 139.687651,  90.000000
 31844.14375000,  9.559819E+03, -2.079924E+00, 354.864665, 139.834837,  90.000000
 31844.14444444,  9.551516E+03, -2.360992E+00, 354.774152, 139.980544,  90.000000
 31844.14513889,  9.542696E+03, -2.642417E+00, 354.683904, 140.124760,  90.000000
 31844.14583333,  9.533360E+03, -2.924219E+00, 354.593941, 140.267470,  90.000000
 31844.14652778,  9.523505E+03, -3.206420E+00, 354.504283, 140.408660,  90.000000
 31844.14722222,  9.513133E+03, -3.489041E+00, 354.414951, 140.548315,  90.000000
 31844.14791667,  9.502242E+03, -3.772105E+00, 354.325966, 140.686418,  90.000000
 31844.14861111,  9.490832E+03, -4.055632E+00, 354.237349, 140.822954,  90.000000
 31844.14930556,  9.478903E+03, -4.339645E+00, 354.149122, 140.957905,  90.000000
 31844.15000000,  9.466453E+03, -4.624167E+00, 354.061307, 141.091252,  90.000000
 31844.15069444,  9.453482E+03, -4.909219E+00, 353.973925, 141.222977,  90.000000
 31844.15138889,  9.439990E+03, -5.194824E+00, 353.886998, 141.353059,  90.000000
 31844.15208333,  9.425976E+03, -5.481005E+00, 353.800550, 141.481480,  90.000000
 31844.15277778,  9.411439E+03, -5.767785E+00, 353.714603, 141.608216,  90.000000
 31844.15347222,  9.396379E+03, -6.055186E+00, 353.629180, 141.733246,  90.000000
 31844.15416667,  9.380794E+03, -6.343234E+00, 353.544305, 141.856547,  90.000000
 31844.15486111,  9.364684E+03, -6.631950E+00, 353.460002, 141.978096,  90.000000
 31844.15555556,  9.348049E+03, -6.921360E+00, 353.376295, 142.097866,  90.000000
 31844.15625000,  9.330886E+03, -7.211487E+00, 353.293210, 142.215834,  90.000000
 31844.15694444,  9.313197E+03, -7.502355E+00, 353.210770, 142.331971,  90.000000
 31844.15763889,  9.294978E+03, -7.793990E+00, 353.129002, 142.446251,  90.000000
 31844.15833333,  9.276231E+03, -8.086417E+00, 353.047933, 142.558645,  90.000000
 31844.15902778,  9.256953E+03, -8.379660E+00, 352.967588, 142.669124,  90.000000
 31844.15972222,  9.237145E+03, -8.673747E+00, 352.887996, 142.777657,  90.000000
 31844.16041667,  9.216804E+03, -8.968701E+00, 352.809182, 142.884214,  90.000000
 31844.16111111,  9.195930E+03, -9.264551E+00, 352.731177, 142.988761,  90.000000
 31844.16180556,  9.174521E+03, -9.561322E+00, 352.654009, 143.091265,  90.000000
 31844.16250000,  9.152578E+03, -9.859042E+00, 352.577707, 143.191692,  90.000000
 31844.16319444,  9.130098E+03, -1.015774E+01, 352.502301, 143.290006,  90.000000
 31844.16388889,  9.107081E+03, -1.045744E+01, 352.427823, 143.386171,  90.000000
 31844.16458333,  9.083524E+03, -1.075817E+01, 352.354304, 143.480148,  90.000000
 31844.16527778,  9.059429E+03, -1.105996E+01, 352.281776, 143.571899,  90.000000
 31844.16597222,  9.034792E+03, -1.136284E+01, 352.210272, 143.661383,  90.000000
 31844.16666667,  9.009612E+03, -1.166684E+01, 352.139827, 143.748560,  90.000000
 31844.16736111,  8.983889E+03, -1.197199E+01, 352.070474, 143.833386,  90.000000
 31844.16805556,  8.957622E+03, -1.227832E+01, 352.002251, 143.915818,  90.000000
 31844.16875000,  8.930808E+03, -1.258586E+01, 351.935192, 143.995812,  90.000000
 31844.16944444,  8.903446E+03, -1.289465E+01, 351.869337, 144.073319,  90.000000
 31844.17013889,  8.875536E+03, -1.320470E+01, 351.804723, 144.148294,  90.000000
 31844.17083333,  8.847075E+03, -1.351606E+01, 351.741390, 144.220687,  90.000000
 31844.17152778,  8.818062E+03, -1.382876E+01, 351.679378, 144.290447,  90.000000
 31844.17222222,  8.788496E+03, -1.414284E+01, 351.618731, 144.357524,  90.000000
 31844.17291667,  8.758375E+03, -1.445832E+01, 351.559490, 144.421863,  90.000000
 31844.17361111,  8.727698E+03, -1.477524E+01, 351.501700, 144.483411,  90.000000
 31844.17430556,  8.696462E+03, -1.509364E+01, 351.445407, 144.542111,  90.000000
 31844.17500000,  8.664667E+03, -1.541355E+01, 351.390658, 144.597905,  90.000000
 31844.17569444,  8.632311E+03, -1.573501E+01, 351.337502, 144.650736,  90.000000
 31844.17638889,  8.599392E+03, -1.605806E+01, 351.285988, 144.700541,  90.000000
 31844.17708333,  8.565909E+03, -1.638274E+01, 351.236168, 144.747260,  90.000000
 31844.17777778,  8.531859E+03, -1.670907E+01, 351.188095, 144.790827,  90.000000
 31844.17847222,  8.497241E+03, -1.703711E+01, 351.141825, 144.831179,  90.000000
 31844.17916667,  8.462053E+03, -1.736690E+01, 351.097414, 144.868247,  90.000000
 31844.17986111,  8.426293E+03, -1.769847E+01, 351.054921, 144.901962,  90.000000
 31844.18055556,  8.389960E+03, -1.803186E+01, 351.014406, 144.932255,  90.000000
 31844.18125000,  8.353051E+03, -1.836713E+01, 350.975934, 144.959053,  90.000000
 31844.18194444,  8.315565E+03, -1.870430E+01, 350.939567, 144.982282,  90.000000
 31844.18263889,  8.277499E+03, -1.904344E+01, 350.905375, 145.001865,  90.000000
 31844.18333333,  8.238852E+03, -1.938457E+01, 350.873427, 145.017725,  90.000000
 31844.18402778,  8.199621E+03, -1.972776E+01, 350.843795, 145.029783,  90.000000
 31844.18472222,  8.159805E+03, -2.007304E+01, 350.816554, 145.037955,  90.000000
 31844.18541667,  8.119402E+03, -2.042046E+01, 350.791782, 145.042159,  90.000000
 31844.18611111,  8.078409E+03, -2.077008E+01, 350.769560, 145.042309,  90.000000
 31844.18680556,  8.036823E+03, -2.112194E+01, 350.749972, 145.038316,  90.000000
 31844.18750000,  7.994644E+03, -2.147609E+01, 350.733104, 145.030091,  90.000000
 31844.18819444,  7.951869E+03, -2.183260E+01, 350.719048, 145.017542,  90.000000
 31844.18888889,  7.908495E+03, -2.219150E+01, 350.707897, 145.000573,  90.000000
 31844.18958333,  7.864520E+03, -2.255286E+01, 350.699751, 144.979089,  90.000000
 31844.19027778,  7.819942E+03, -2.291672E+01, 350.694710, 144.952990,  90.000000
 31844.19097222,  7.774759E+03, -2.328316E+01, 350.692881, 144.922175,  90.000000
 31844.19166667,  7.728968E+03, -2.365222E+01, 350.694376, 144.886539,  90.000000
 31844.19236111,  7.682566E+03, -2.402397E+01, 350.699309, 144.845976,  90.000000
 31844.19305556,  7.635552E+03, -2.439847E+01, 350.707801, 144.800377,  90.000000
 31844.19375000,  7.587923E+03, -2.477577E+01, 350.719979, 144.749631,  90.000000
 31844.19444444,  7.539676E+03, -2.515594E+01, 350.735973, 144.693622,  90.000000
 31844.19513889,  7.490808E+03, -2.553905E+01, 350.755922, 144.632233,  90.000000
 31844.19583333,  7.441319E+03, -2.592517E+01, 350.779968, 144.565345,  90.000000
 31844.19652778,  7.391203E+03, -2.631435E+01, 350.808263, 144.492833,  90.000000
 31844.19722222,  7.340460E+03, -2.670668E+01, 350.840963, 144.414572,  90.000000
 31844.19791667,  7.289086E+03, -2.710221E+01, 350.878234, 144.330431,  90.000000
 31844.19861111,  7.237079E+03, -2.750103E+01, 350.920249, 144.240279,  90.000000
 31844.19930556,  7.184436E+03, -2.790321E+01, 350.967189, 144.143978,  90.000000
 31844.20000000,  7.131155E+03, -2.830881E+01, 351.019244, 144.041389,  90.000000
 31844.20069444,  7.077232E+03, -2.871792E+01, 351.076614, 143.932368,  90.000000
 31844.20138889,  7.022666E+03, -2.913062E+01, 351.139509, 143.816768,  90.000000
 31844.20208333,  6.967452E+03, -2.954698E+01, 351.208151, 143.694438,  90.000000
 31844.20277778,  6.911590E+03, -2.996709E+01, 351.282771, 143.565222,  90.000000
 31844.20347222,  6.855075E+03, -3.039102E+01, 351.363615, 143.428960,  90.000000
 31844.20416667,  6.797905E+03, -3.081887E+01, 351.450940, 143.285488,  90.000000
 31844.20486111,  6.740077E+03, -3.125072E+01, 351.545018, 143.134638,  90.000000
 31844.20555556,  6.681588E+03, -3.168665E+01, 351.646138, 142.976235,  90.000000
 31844.20625000,  6.622437E+03, -3.212676E+01, 351.754601, 142.810100,  90.000000
 31844.20694444,  6.562619E+03, -3.257112E+01, 351.870728, 142.636049,  90.000000
 31844.20763889,  6.502133E+03, -3.301985E+01, 351.994859, 142.453892,  90.000000
 31844.20833333,  6.440975E+03, -3.347302E+01, 352.127352, 142.263434,  90.000000
 31844.20902778,  6.379142E+03, -3.393073E+01, 352.268587, 142.064473,  90.000000
 31844.20972222,  6.316633E+03, -3.439307E+01, 352.418968, 141.856799,  90.000000
 31844.21041667,  6.253444E+03, -3.486013E+01, 352.578921, 141.640198,  90.000000
 31844.21111111,  6.189573E+03, -3.533202E+01, 352.748903, 141.414448,  90.000000
 31844.21180556,  6.125018E+03, -3.580883E+01, 352.929394, 141.179318,  90.000000
 31844.21250000,  6.059775E+03, -3.629065E+01, 353.120910, 140.934571,  90.000000
 31844.21319444,  5.993842E+03, -3.677758E+01, 353.323996, 140.679961,  90.000000
 31844.21388889,  5.927217E+03, -3.726970E+01, 353.539237, 140.415231,  90.000000
 31844.21458333,  5.859898E+03, -3.776712E+01, 353.767254, 140.140119,  90.000000
 31844.21527778,  5.791882E+03, -3.826993E+01, 354.008712, 139.854350,  90.000000
 31844.21597222,  5.723168E+03, -3.877820E+01, 354.264320, 139.557639,  90.000000
 31844.21666667,  5.653752E+03, -3.929204E+01, 354.534838, 139.249691,  90.000000
 31844.21736111,  5.583635E+03, -3.981151E+01, 354.821079, 138.930198,  90.000000
 31844.21805556,  5.512813E+03, -4.033670E+01, 355.123916, 138.598840,  90.000000
 31844.21875000,  5.441285E+03, -4.086768E+01, 355.444283, 138.255286,  90.000000
 31844.21944444,  5.369051E+03, -4.140451E+01, 355.783185, 137.899189,  90.000000
 31844.22013889,  5.296108E+03, -4.194724E+01, 356.141704, 137.530188,  90.000000
 31844.22083333,  5.222456E+03, -4.249592E+01, 356.521000, 137.147906,  90.000000
 31844.22152778,  5.148094E+03, -4.305058E+01, 356.922328, 136.751950,  90.000000
 31844.22222222,  5.073022E+03, -4.361124E+01, 357.347037, 136.341910,  90.000000
 31844.22291667,  4.997240E+03, -4.417791E+01, 357.796585, 135.917357,  90.000000
 31844.22361111,  4.920748E+03, -4.475055E+01, 358.272547, 135.477842,  90.000000
 31844.22430556,  4.843546E+03, -4.532914E+01, 358.776627, 135.022896,  90.000000
 31844.22500000,  4.765637E+03, -4.591359E+01, 359.310669, 134.552026,  90.000000
 31844.22569444,  4.687020E+03, -4.650381E+01, 359.876668, 134.064719,  90.000000
 31844.22638889,  4.607699E+03, -4.709966E+01,   0.476791, 133.560432,  90.000000
 31844.22708333,  4.527676E+03, -4.770095E+01,   1.113387, 133.038600,  90.000000
 31844.22777778,  4.446954E+03, -4.830746E+01,   1.789004, 132.498628,  90.000000
 31844.22847222,  4.365537E+03, -4.891889E+01,   2.506413, 131.939889,  90.000000
 31844.22916667,  4.283429E+03, -4.953487E+01,   3.268621, 131.361727,  90.000000
 31844.22986111,  4.200636E+03, -5.015498E+01,   4.078898, 130.763451,  90.000000
 31844.23055556,  4.117165E+03, -5.077869E+01,   4.940794, 130.144333,  90.000000
 31844.23125000,  4.033021E+03, -5.140535E+01,   5.858166, 129.503608,  90.000000
 31844.23194444,  3.948215E+03, -5.203420E+01,   6.835199, 128.840470,  90.000000
 31844.23263889,  3.862755E+03, -5.266436E+01,   7.876431, 128.154069,  90.000000
 31844.23333333,  3.776653E+03, -5.329475E+01,   8.986770, 127.443509,  90.000000
 31844.23402778,  3.689920E+03, -5.392411E+01,  10.171517, 126.707846,  90.000000
 31844.23472222,  3.602570E+03, -5.455099E+01,  11.436379, 125.946083,  90.000000
 31844.23541667,  3.514620E+03, -5.517364E+01,  12.787470, 125.157171,  90.000000
 31844.23611111,  3.426085E+03, -5.579007E+01,  14.231309, 124.339999,  90.000000
 31844.23680556,  3.336987E+03, -5.639793E+01,  15.774799, 123.493398,  90.000000
 31844.23750000,  3.247347E+03, -5.699450E+01,  17.425180, 122.616132,  90.000000
 31844.23819444,  3.157189E+03, -5.757666E+01,  19.189953, 121.706899,  90.000000
 31844.23888889,  3.066540E+03, -5.814079E+01,  21.076775, 120.764321,  90.000000
 31844.23958333,  2.975432E+03, -5.868274E+01,  23.093292, 119.786950,  90.000000
 31844.24027778,  2.883897E+03, -5.919780E+01,  25.246918, 118.773256,  90.000000
 31844.24097222,  2.791973E+03, -5.968061E+01,  27.544548, 117.721627,  90.000000
 31844.24166667,  2.699702E+03, -6.012513E+01,  29.992185, 116.630366,  90.000000
 31844.24236111,  2.607130E+03, -6.052464E+01,  32.594490, 115.497690,  90.000000
 31844.24305556,  2.514307E+03, -6.087168E+01,  35.354253, 114.321725,  90.000000
 31844.24375000,  2.421290E+03, -6.115813E+01,  38.271805, 113.100505,  90.000000
 31844.24444444,  2.328142E+03, -6.137520E+01,  41.344407, 111.831974,  90.000000
 31844.24513889,  2.234932E+03, -6.151360E+01,  44.565679, 110.513987,  90.000000
 31844.24583333,  2.141736E+03, -6.156363E+01,  47.925128, 109.144309,  90.000000
 31844.24652778,  2.048640E+03, -6.151539E+01,  51.407884, 107.720624,  90.000000
 31844.24722222,  1.955735E+03, -6.135904E+01,  54.994719, 106.240543,  90.000000
 31844.24791667,  1.863126E+03, -6.108503E+01,  58.662429, 104.701612,  90.000000
 31844.24861111,  1.770926E+03, -6.068434E+01,  62.384583, 103.101331,  90.000000
 31844.24930556,  1.679259E+03, -6.014879E+01,  66.132631, 101.437175,  90.000000
 31844.25000000,  1.588264E+03, -5.947118E+01,  69.877248,  99.706620,  90.000000
 31844.25069444,  1.498091E+03, -5.864544E+01,  73.589780,  97.907180,  90.000000
 31844.25138889,  1.408907E+03, -5.766672E+01,  77.243611,  96.036454,  90.000000
 31844.25208333,  1.320893E+03, -5.653133E+01,  80.815304,  94.092183,  90.000000
 31844.25277778,  1.234249E+03, -5.523673E+01,  84.285408,  92.072321,  90.000000
 31844.25347222,  1.149189E+03, -5.378139E+01,  87.638876,  89.975127,  90.000000
 31844.25416667,  1.065950E+03, -5.216467E+01,  90.865135,  87.799273,  90.000000
 31844.25486111,  9.847865E+02, -5.038674E+01,  93.957839,  85.543976,  90.000000
 31844.25555556,  9.059725E+02, -4.844845E+01,  96.914428,  83.209162,  90.000000
 31844.25625000,  8.298034E+02, -4.635136E+01,  99.735547,  80.795650,  90.000000
 31844.25694444,  7.565952E+02, -4.409769E+01, 102.424442,  78.305382,  90.000000
 31844.25763889,  6.866849E+02, -4.169044E+01, 104.986364,  75.741669,  90.000000
 31844.25833333,  6.204303E+02, -3.913348E+01, 107.428043,  73.109478,  90.000000
 31844.25902778,  5.582102E+02, -3.643173E+01, 109.757248,  70.415730,  90.000000
 31844.25972222,  5.004234E+02, -3.359140E+01, 111.982443,  67.669607,  90.000000
 31844.26041667,  4.474873E+02, -3.062013E+01, 114.112549,  64.882841,  90.000000
 31844.26111111,  3.998339E+02, -2.752722E+01, 116.156793,  62.069970,  90.000000
 31844.26180556,  3.579034E+02, -2.432373E+01, 118.124624,  59.248526,  90.000000
 31844.26250000,  3.221324E+02, -2.102254E+01, 120.025684,  56.439159,  90.000000
 31844.26319444,  2.929373E+02, -1.763824E+01, 121.869793,  53.665667,  90.000000
 31844.26388889,  2.706927E+02, -1.418694E+01, 123.666916,  50.954958,  90.000000
 31844.26458333,  2.557056E+02, -1.068601E+01, 125.427087,  48.336943,  90.000000
 31844.26527778,  2.481905E+02, -7.153640E+00, 127.160273,  45.844327,  90.000000
 31844.26597222,  2.482494E+02, -3.608466E+00, 128.876190,  43.512229,  90.000000
 31844.26666667,  2.558605E+02, -6.913491E-02, 130.584095,  41.377496,  90.000000
 31844.26736111,  2.708801E+02,  3.446100E+00, 132.292593,  39.477493,  90.000000
 31844.26805556,  2.930561E+02,  6.919752E+00, 134.009508,  37.848205,  90.000000
 31844.26875000,  3.220514E+02,  1.033544E+01, 135.741838,  36.521567,  90.000000
 31844.26944444,  3.574713E+02,  1.367819E+01, 137.495798,  35.522281,  90.000000
 31844.27013889,  3.988908E+02,  1.693467E+01, 139.276942,  34.864649,  90.000000
 31844.27083333,  4.458770E+02,  2.009331E+01, 141.090319,  34.550293,  90.000000
 31844.27152778,  4.980051E+02,  2.314445E+01, 142.940641,  34.567496,  90.000000
 31844.27222222,  5.548675E+02,  2.608022E+01, 144.832412,  34.892508,  90.000000
 31844.27291667,  6.160777E+02,  2.889454E+01, 146.770023,  35.492486,  90.000000
 31844.27361111,  6.812710E+02,  3.158288E+01, 148.757776,  36.329261,  90.000000
 31844.27430556,  7.501027E+02,  3.414209E+01, 150.799865,  37.363005,  90.000000
 31844.27500000,  8.222464E+02,  3.657020E+01, 152.900298,  38.555184,  90.000000
 31844.27569444,  8.973924E+02,  3.886619E+01, 155.062786,  39.870514,  90.000000
 31844.27638889,  9.752467E+02,  4.102985E+01, 157.290601,  41.277988,  90.000000
 31844.27708333,  1.055531E+03,  4.306156E+01, 159.586407,  42.751191,  90.000000
 31844.27777778,  1.137981E+03,  4.496221E+01, 161.952087,  44.268149,  90.000000
 31844.27847222,  1.222350E+03,  4.673308E+01, 164.388562,  45.810923,  90.000000
 31844.27916667,  1.308405E+03,  4.837579E+01, 166.895610,  47.365090,  90.000000
 31844.27986111,  1.395929E+03,  4.989223E+01, 169.471705,  48.919209,  90.000000
 31844.28055556,  1.484722E+03,  5.128457E+01, 172.113877,  50.464323,  90.000000
 31844.28125000,  1.574599E+03,  5.255524E+01, 174.817610,  51.993512,  90.000000
 31844.28194444,  1.665387E+03,  5.370695E+01, 177.576792,  53.501512,  90.000000
 31844.28263889,  1.756932E+03,  5.474268E+01, 180.383727,  54.984395,  90.000000
 31844.28333333,  1.849088E+03,  5.566573E+01, 183.229226,  56.439308,  90.000000
 31844.28402778,  1.941726E+03,  5.647970E+01, 186.102764,  57.864252,  90.000000
 31844.28472222,  2.034727E+03,  5.718854E+01, 188.992725,  59.257906,  90.000000
 31844.28541667,  2.127982E+03,  5.779651E+01, 191.886710,  60.619491,  90.000000
 31844.28611111,  2.221393E+03,  5.830819E+01, 194.771889,  61.948645,  90.000000
 31844.28680555,  2.314872E+03,  5.872842E+01, 197.635386,  63.245340,  90.000000
 31844.28750000,  2.408336E+03,  5.906228E+01, 200.464662,  64.509800,  90.000000
 31844.28819444,  2.501715E+03,  5.931505E+01, 203.247871,  65.742447,  90.000000
 31844.28888889,  2.594941E+03,  5.949209E+01, 205.974166,  66.943848,  90.000000
 31844.28958333,  2.687954E+03,  5.959885E+01, 208.633937,  68.114683,  90.000000
 31844.29027778,  2.780702E+03,  5.964072E+01, 211.218979,  69.255708,  90.000000
 31844.29097222,  2.873136E+03,  5.962304E+01, 213.722576,  70.367735,  90.000000
 31844.29166667,  2.965211E+03,  5.955099E+01, 216.139516,  71.451610,  90.000000
 31844.29236111,  3.056888E+03,  5.942957E+01, 218.466042,  72.508203,  90.000000
 31844.29305555,  3.148132E+03,  5.926353E+01, 220.699756,  73.538388,  90.000000
 31844.29375000,  3.238910E+03,  5.905736E+01, 222.839490,  74.543041,  90.000000
 31844.29444444,  3.329194E+03,  5.881530E+01, 224.885151,  75.523028,  90.000000
 31844.29513889,  3.418959E+03,  5.854126E+01, 226.837567,  76.479202,  90.000000
 31844.29583333,  3.508180E+03,  5.823886E+01, 228.698322,  77.412399,  90.000000
 31844.29652778,  3.596837E+03,  5.791144E+01, 230.469607,  78.323432,  90.000000
 31844.29722222,  3.684912E+03,  5.756205E+01, 232.154085,  79.213093,  90.000000
 31844.29791667,  3.772388E+03,  5.719344E+01, 233.754765,  80.082148,  90.000000
 31844.29861111,  3.859250E+03,  5.680813E+01, 235.274895,  80.931338,  90.000000
 31844.29930555,  3.945486E+03,  5.640839E+01, 236.717875,  81.761379,  90.000000
 31844.30000000,  4.031083E+03,  5.599626E+01, 238.087182,  82.572959,  90.000000
 31844.30069444,  4.116032E+03,  5.557357E+01, 239.386309,  83.366741,  90.000000
 31844.30138889,  4.200324E+03,  5.514197E+01, 240.618719,  84.143362,  90.000000
 31844.30208333,  4.283950E+03,  5.470290E+01, 241.787806,  84.903434,  90.000000
 31844.30277778,  4.366905E+03,  5.425769E+01, 242.896871,  85.647546,  90.000000
 31844.30347222,  4.449181E+03,  5.380750E+01, 243.949099,  86.376259,  90.000000
 31844.30416667,  4.530775E+03,  5.335335E+01, 244.947547,  87.090114,  90.000000
 31844.30486111,  4.611681E+03,  5.289618E+01, 245.895136,  87.789631,  90.000000
 31844.30555555,  4.691897E+03,  5.243678E+01, 246.794645,  88.475304,  90.000000
 31844.30625000,  4.771420E+03,  5.197588E+01, 247.648710,  89.147610,  90.000000
 31844.30694444,  4.850246E+03,  5.151412E+01, 248.459826,  89.807004,  90.000000
 31844.30763889,  4.928375E+03,  5.105205E+01, 249.230348,  90.453924,  90.000000
 31844.30833333,  5.005805E+03,  5.059016E+01, 249.962497,  91.088788,  90.000000
 31844.30902778,  5.082535E+03,  5.012889E+01, 250.658365,  91.711997,  90.000000
 31844.30972222,  5.158565E+03,  4.966862E+01, 251.319918,  92.323935,  90.000000
 31844.31041667,  5.233894E+03,  4.920967E+01, 251.949004,  92.924972,  90.000000
 31844.31111111,  5.308523E+03,  4.875234E+01, 252.547359,  93.515460,  90.000000
 31844.31180555,  5.382452E+03,  4.829687E+01, 253.116613,  94.095738,  90.000000
 31844.31250000,  5.455682E+03,  4.784349E+01, 253.658297,  94.666132,  90.000000
 31844.31319444,  5.528214E+03,  4.739237E+01, 254.173847,  95.226951,  90.000000
 31844.31388889,  5.600049E+03,  4.694369E+01, 254.664611,  95.778497,  90.000000
 31844.31458333,  5.671189E+03,  4.649756E+01, 255.131854,  96.321055,  90.000000
 31844.31527778,  5.741634E+03,  4.605412E+01, 255.576765,  96.854902,  90.000000
 31844.31597222,  5.811388E+03,  4.561345E+01, 256.000459,  97.380301,  90.000000
 31844.31666667,  5.880452E+03,  4.517564E+01, 256.403986,  97.897507,  90.000000
 31844.31736111,  5.948827E+03,  4.474074E+01, 256.788331,  98.406764,  90.000000
 31844.31805555,  6.016517E+03,  4.430882E+01, 257.154420,  98.908307,  90.000000
 31844.31875000,  6.083522E+03,  4.387991E+01, 257.503124,  99.402361,  90.000000
 31844.31944444,  6.149846E+03,  4.345403E+01, 257.835264,  99.889143,  90.000000
 31844.32013889,  6.215491E+03,  4.303121E+01, 258.151612, 100.368862,  90.000000
 31844.32083333,  6.280459E+03,  4.261147E+01, 258.452896, 100.841719,  90.000000
 31844.32152778,  6.344753E+03,  4.219479E+01, 258.739801, 101.307907,  90.000000
 31844.32222222,  6.408376E+03,  4.178119E+01, 259.012974, 101.767612,  90.000000
 31844.32291667,  6.471329E+03,  4.137066E+01, 259.273025, 102.221013,  90.000000
 31844.32361111,  6.533616E+03,  4.096318E+01, 259.520530, 102.668282,  90.000000
 31844.32430555,  6.595240E+03,  4.055873E+01, 259.756034, 103.109587,  90.000000
 31844.32500000,  6.656202E+03,  4.015730E+01, 259.980052, 103.545087,  90.000000
 31844.32569444,  6.716506E+03,  3.975886E+01, 260.193069, 103.974938,  90.000000
 31844.32638889,  6.776155E+03,  3.936338E+01, 260.395548, 104.399287,  90.000000
 31844.32708333,  6.835151E+03,  3.897084E+01, 260.587923, 104.818280,  90.000000
 31844.32777778,  6.893497E+03,  3.858119E+01, 260.770608, 105.232055,  90.000000
 31844.32847222,  6.951196E+03,  3.819442E+01, 260.943995, 105.640745,  90.000000
 31844.32916667,  7.008251E+03,  3.781048E+01, 261.108457, 106.044481,  90.000000
 31844.32986111,  7.064664E+03,  3.742934E+01, 261.264345, 106.443388,  90.000000
 31844.33055555,  7.120437E+03,  3.705096E+01, 261.411995, 106.837585,  90.000000
 31844.33125000,  7.175575E+03,  3.667530E+01, 261.551726, 107.227191,  90.000000
 31844.33194444,  7.230079E+03,  3.630232E+01, 261.683839, 107.612317,  90.000000
 31844.33263889,  7.283952E+03,  3.593199E+01, 261.808624, 107.993073,  90.000000
 31844.33333333,  7.337198E+03,  3.556425E+01, 261.926355, 108.369564,  90.000000
 31844.33402778,  7.389817E+03,  3.519908E+01, 262.037293, 108.741893,  90.000000
 31844.33472222,  7.441814E+03,  3.483642E+01, 262.141686, 109.110157,  90.000000
 31844.33541667,  7.493191E+03,  3.447624E+01, 262.239773, 109.474454,  90.000000
 31844.33611111,  7.543951E+03,  3.411850E+01, 262.331779, 109.834875,  90.000000
 31844.33680555,  7.594095E+03,  3.376316E+01, 262.417920, 110.191510,  90.000000
 31844.33750000,  7.643627E+03,  3.341017E+01, 262.498404, 110.544445,  90.000000
 31844.33819444,  7.692550E+03,  3.305949E+01, 262.573427, 110.893766,  90.000000
 31844.33888889,  7.740865E+03,  3.271108E+01, 262.643178, 111.239553,  90.000000
 31844.33958333,  7.788575E+03,  3.236491E+01, 262.707837, 111.581885,  90.000000
 31844.34027778,  7.835683E+03,  3.202093E+01, 262.767577, 111.920840,  90.000000
 31844.34097222,  7.882191E+03,  3.167910E+01, 262.822563, 112.256491,  90.000000
 31844.34166667,  7.928101E+03,  3.133938E+01, 262.872953, 112.588910,  90.000000
 31844.34236111,  7.973417E+03,  3.100173E+01, 262.918899, 112.918168,  90.000000
 31844.34305555,  8.018139E+03,  3.066612E+01, 262.960547, 113.244332,  90.000000
 31844.34375000,  8.062271E+03,  3.033250E+01, 262.998035, 113.567467,  90.000000
 31844.34444444,  8.105815E+03,  3.000084E+01, 263.031498, 113.887639,  90.000000
 31844.34513889,  8.148773E+03,  2.967110E+01, 263.061064, 114.204909,  90.000000
 31844.34583333,  8.191147E+03,  2.934324E+01, 263.086857, 114.519336,  90.000000
 31844.34652778,  8.232940E+03,  2.901722E+01, 263.108995, 114.830981,  90.000000
 31844.34722222,  8.274153E+03,  2.869301E+01, 263.127593, 115.139899,  90.000000
 31844.34791667,  8.314789E+03,  2.837058E+01, 263.142761, 115.446146,  90.000000
 31844.34861111,  8.354849E+03,  2.804988E+01, 263.154603, 115.749775,  90.000000
 31844.34930555,  8.394337E+03,  2.773088E+01, 263.163221, 116.050839,  90.000000
 31844.35000000,  8.433253E+03,  2.741356E+01, 263.168714, 116.349388,  90.000000
 31844.35069444,  8.471601E+03,  2.709786E+01, 263.171176, 116.645472,  90.000000
 31844.35138889,  8.509381E+03,  2.678377E+01, 263.170698, 116.939138,  90.000000
 31844.35208333,  8.546596E+03,  2.647124E+01, 263.167367, 117.230434,  90.000000
 31844.35277778,  8.583248E+03,  2.616025E+01, 263.161269, 117.519404,  90.000000
 31844.35347222,  8.619339E+03,  2.585076E+01, 263.152484, 117.806092,  90.000000
 31844.35416667,  8.654870E+03,  2.554274E+01, 263.141092, 118.090543,  90.000000
 31844.35486111,  8.689843E+03,  2.523616E+01, 263.127168, 118.372796,  90.000000
 31844.35555555,  8.724260E+03,  2.493099E+01, 263.110787, 118.652894,  90.000000
 31844.35625000,  8.758123E+03,  2.462719E+01, 263.092020, 118.930875,  90.000000
 31844.35694444,  8.791433E+03,  2.432475E+01, 263.070935, 119.206778,  90.000000
 31844.35763889,  8.824193E+03,  2.402362E+01, 263.047599, 119.480640,  90.000000
 31844.35833333,  8.856404E+03,  2.372378E+01, 263.022077, 119.752498,  90.000000
 31844.35902778,  8.888066E+03,  2.342520E+01, 262.994430, 120.022388,  90.000000
 31844.35972222,  8.919183E+03,  2.312785E+01, 262.964720, 120.290344,  90.000000
 31844.36041667,  8.949756E+03,  2.283171E+01, 262.933004, 120.556399,  90.000000
 31844.36111111,  8.979786E+03,  2.253674E+01, 262.899340, 120.820586,  90.000000
 31844.36180555,  9.009274E+03,  2.224292E+01, 262.863783, 121.082938,  90.000000
 31844.36250000,  9.038223E+03,  2.195022E+01, 262.826386, 121.343485,  90.000000
 31844.36319444,  9.066633E+03,  2.165862E+01, 262.787200, 121.602258,  90.000000
 31844.36388889,  9.094506E+03,  2.136809E+01, 262.746277, 121.859286,  90.000000
 31844.36458333,  9.121843E+03,  2.107860E+01, 262.703665, 122.114597,  90.000000
 31844.36527778,  9.148646E+03,  2.079013E+01, 262.659412, 122.368221,  90.000000
 31844.36597222,  9.174916E+03,  2.050265E+01, 262.613563, 122.620183,  90.000000
 31844.36666667,  9.200655E+03,  2.021614E+01, 262.566164, 122.870510,  90.000000
 31844.36736111,  9.225863E+03,  1.993058E+01, 262.517258, 123.119229,  90.000000
 31844.36805555,  9.250542E+03,  1.964593E+01, 262.466888, 123.366364,  90.000000
 31844.36875000,  9.274693E+03,  1.936218E+01, 262.415096, 123.611939,  90.000000
 31844.36944444,  9.298317E+03,  1.907930E+01, 262.361920, 123.855980,  90.000000
 31844.37013889,  9.321416E+03,  1.879726E+01, 262.307402, 124.098508,  90.000000
 31844.37083333,  9.343990E+03,  1.851605E+01, 262.251578, 124.339546,  90.000000
 31844.37152778,  9.366041E+03,  1.823564E+01, 262.194487, 124.579116,  90.000000
 31844.37222222,  9.387570E+03,  1.795602E+01, 262.136164, 124.817240,  90.000000
 31844.37291667,  9.408577E+03,  1.767714E+01, 262.076646, 125.053939,  90.000000
 31844.37361111,  9.429065E+03,  1.739901E+01, 262.015966, 125.289232,  90.000000
 31844.37430555,  9.449033E+03,  1.712158E+01, 261.954159, 125.523139,  90.000000
 31844.37500000,  9.468482E+03,  1.684485E+01, 261.891257, 125.755680,  90.000000
 31844.37569444,  9.487415E+03,  1.656879E+01, 261.827294, 125.986873,  90.000000
 31844.37638889,  9.505831E+03,  1.629337E+01, 261.762300, 126.216736,  90.000000
 31844.37708333,  9.523732E+03,  1.601858E+01, 261.696307, 126.445286,  90.000000
 31844.37777778,  9.541118E+03,  1.574440E+01, 261.629345, 126.672541,  90.000000
 31844.37847222,  9.557990E+03,  1.547080E+01, 261.561443, 126.898517,  90.000000
 31844.37916667,  9.574349E+03,  1.519777E+01, 261.492630, 127.123230,  90.000000
 31844.37986111,  9.590196E+03,  1.492528E+01, 261.422936, 127.346696,  90.000000
 31844.38055555,  9.605532E+03,  1.465332E+01, 261.352387, 127.568929,  90.000000
 31844.38125000,  9.620357E+03,  1.438186E+01, 261.281011, 127.789945,  90.000000
 31844.38194444,  9.634672E+03,  1.411089E+01, 261.208835, 128.009758,  90.000000
 31844.38263889,  9.648477E+03,  1.384038E+01, 261.135885, 128.228381,  90.000000
 31844.38333333,  9.661774E+03,  1.357032E+01, 261.062187, 128.445828,  90.000000
 31844.38402778,  9.674563E+03,  1.330068E+01, 260.987766, 128.662111,  90.000000
 31844.38472222,  9.686845E+03,  1.303145E+01, 260.912648, 128.877243,  90.000000
 31844.38541667,  9.698620E+03,  1.276261E+01, 260.836856, 129.091235,  90.000000
 31844.38611111,  9.709888E+03,  1.249413E+01, 260.760416, 129.304100,  90.000000
 31844.38680555,  9.720651E+03,  1.222601E+01, 260.683350, 129.515848,  90.000000
 31844.38750000,  9.730909E+03,  1.195821E+01, 260.605683, 129.726490,  90.000000
 31844.38819444,  9.740661E+03,  1.169073E+01, 260.527436, 129.936036,  90.000000
 31844.38888889,  9.749910E+03,  1.142354E+01, 260.448634, 130.144496,  90.000000
 31844.38958333,  9.758655E+03,  1.115662E+01, 260.369297, 130.351880,  90.000000
 31844.39027778,  9.766896E+03,  1.088997E+01, 260.289450, 130.558195,  90.000000
 31844.39097222,  9.774635E+03,  1.062354E+01, 260.209112, 130.763452,  90.000000
 31844.39166667,  9.781871E+03,  1.035734E+01, 260.128306, 130.967658,  90.000000
 31844.39236111,  9.788604E+03,  1.009134E+01, 260.047053, 131.170821,  90.000000
 31844.39305555,  9.794836E+03,  9.825525E+00, 259.965374, 131.372948,  90.000000
 31844.39375000,  9.800565E+03,  9.559872E+00, 259.883289, 131.574046,  90.000000
 31844.39444444,  9.805794E+03,  9.294366E+00, 259.800821, 131.774122,  90.000000
 31844.39513889,  9.810521E+03,  9.028988E+00, 259.717988, 131.973182,  90.000000
 31844.39583333,  9.814747E+03,  8.763721E+00, 259.634811, 132.171231,  90.000000
 31844.39652778,  9.818473E+03,  8.498546E+00, 259.551310, 132.368275,  90.000000
 31844.39722222,  9.821698E+03,  8.233445E+00, 259.467505, 132.564318,  90.000000
 31844.39791667,  9.824423E+03,  7.968401E+00, 259.383415, 132.759366,  90.000000
 31844.39861111,  9.826647E+03,  7.703396E+00, 259.299061, 132.953422,  90.000000
 31844.39930555,  9.828371E+03,  7.438411E+00, 259.214461, 133.146490,  90.000000
 31844.40000000,  9.829595E+03,  7.173428E+00, 259.129635, 133.338573,  90.000000
 31844.40069444,  9.830320E+03,  6.908430E+00, 259.044602, 133.529674,  90.000000
 31844.40138889,  9.830544E+03,  6.643399E+00, 258.959382, 133.719796,  90.000000
 31844.40208333,  9.830268E+03,  6.378316E+00, 258.873992, 133.908939,  90.000000
 31844.40277778,  9.829492E+03,  6.113163E+00, 258.788453, 134.097107,  90.000000
 31844.40347222,  9.828217E+03,  5.847924E+00, 258.702782, 134.284299,  90.000000
 31844.40416667,  9.826441E+03,  5.582578E+00, 258.616999, 134.470516,  90.000000
 31844.40486111,  9.824165E+03,  5.317108E+00, 258.531123, 134.655760,  90.000000
 31844.40555555,  9.821389E+03,  5.051497E+00, 258.445172, 134.840028,  90.000000
 31844.40625000,  9.818112E+03,  4.785725E+00, 258.359166, 135.023322,  90.000000
 31844.40694444,  9.814335E+03,  4.519775E+00, 258.273121, 135.205639,  90.000000
 31844.40763889,  9.810057E+03,  4.253628E+00, 258.187059, 135.386977,  90.000000
 31844.40833333,  9.805279E+03,  3.987265E+00, 258.100996, 135.567335,  90.000000
 31844.40902778,  9.799999E+03,  3.720669E+00, 258.014953, 135.746711,  90.000000
 31844.40972222,  9.794218E+03,  3.453820E+00, 257.928947, 135.925100,  90.000000
 31844.41041667,  9.787935E+03,  3.186700E+00, 257.842997, 136.102499,  90.000000
 31844.41111111,  9.781151E+03,  2.919290E+00, 257.757123, 136.278905,  90.000000
 31844.41180555,  9.773864E+03,  2.651571E+00, 257.671344, 136.454312,  90.000000
 31844.41250000,  9.766075E+03,  2.383525E+00, 257.585677, 136.628715,  90.000000
 31844.41319444,  9.757783E+03,  2.115131E+00, 257.500143, 136.802109,  90.000000
 31844.41388889,  9.748987E+03,  1.846371E+00, 257.414761, 136.974487,  90.000000
 31844.41458333,  9.739688E+03,  1.577225E+00, 257.329550, 137.145843,  90.000000
 31844.41527778,  9.729884E+03,  1.307675E+00, 257.244529, 137.316168,  90.000000
 31844.41597222,  9.719577E+03,  1.037699E+00, 257.159718, 137.485455,  90.000000
 31844.41666667,  9.708764E+03,  7.672792E-01, 257.075136, 137.653696,  90.000000
 31844.41736111,  9.697445E+03,  4.963945E-01, 256.990804, 137.820881,  90.000000
 31844.41805555,  9.685620E+03,  2.250251E-01, 256.906742, 137.987000,  90.000000
 31844.41875000,  9.673289E+03, -4.684934E-02, 256.822970, 138.152043,  90.000000
 31844.41944444,  9.660450E+03, -3.192493E-01, 256.739508, 138.315998,  90.000000
 31844.42013889,  9.647104E+03, -5.921955E-01, 256.656376, 138.478855,  90.000000
 31844.42083333,  9.633249E+03, -8.657088E-01, 256.573597, 138.640599,  90.000000
 31844.42152778,  9.618885E+03, -1.139810E+00, 256.491190, 138.801219,  90.000000
 31844.42222222,  9.604011E+03, -1.414521E+00, 256.409177, 138.960700,  90.000000
 31844.42291667,  9.588627E+03, -1.689863E+00, 256.327581, 139.119027,  90.000000
 31844.42361111,  9.572731E+03, -1.965858E+00, 256.246421, 139.276185,  90.000000
 31844.42430555,  9.556324E+03, -2.242527E+00, 256.165722, 139.432159,  90.000000
 31844.42500000,  9.539403E+03, -2.519894E+00, 256.085505, 139.586930,  90.000000
 31844.42569444,  9.521969E+03, -2.797980E+00, 256.005793, 139.740481,  90.000000
 31844.42638889,  9.504021E+03, -3.076808E+00, 255.926610, 139.892793,  90.000000
 31844.42708333,  9.485558E+03, -3.356402E+00, 255.847979, 140.043847,  90.000000
 31844.42777778,  9.466578E+03, -3.636785E+00, 255.769923, 140.193623,  90.000000
 31844.42847222,  9.447081E+03, -3.917979E+00, 255.692468, 140.342099,  90.000000
 31844.42916667,  9.427067E+03, -4.200010E+00, 255.615637, 140.489253,  90.000000
 31844.42986111,  9.406533E+03, -4.482902E+00, 255.539457, 140.635061,  90.000000
 31844.43055555,  9.385480E+03, -4.766678E+00, 255.463952, 140.779500,  90.000000
 31844.43125000,  9.363905E+03, -5.051365E+00, 255.389149, 140.922544,  90.000000
 31844.43194444,  9.341809E+03, -5.336987E+00, 255.315074, 141.064167,  90.000000
 31844.43263889,  9.319189E+03, -5.623570E+00, 255.241755, 141.204342,  90.000000
 31844.43333333,  9.296046E+03, -5.911140E+00, 255.169220, 141.343040,  90.000000
 31844.43402778,  9.272377E+03, -6.199724E+00, 255.097496, 141.480232,  90.000000
 31844.43472222,  9.248182E+03, -6.489347E+00, 255.026613, 141.615887,  90.000000
 31844.43541667,  9.223459E+03, -6.780038E+00, 254.956599, 141.749973,  90.000000
 31844.43611111,  9.198208E+03, -7.071825E+00, 254.887486, 141.882457,  90.000000
 31844.43680555,  9.172426E+03, -7.364734E+00, 254.819303, 142.013305,  90.000000
 31844.43750000,  9.146114E+03, -7.658795E+00, 254.752084, 142.142482,  90.000000
 31844.43819444,  9.119268E+03, -7.954037E+00, 254.685859, 142.269949,  90.000000
 31844.43888889,  9.091889E+03, -8.250489E+00, 254.620662, 142.395668,  90.000000
 31844.43958333,  9.063975E+03, -8.548181E+00, 254.556526, 142.519601,  90.000000
 31844.44027778,  9.035524E+03, -8.847144E+00, 254.493488, 142.641706,  90.000000
 31844.44097222,  9.006535E+03, -9.147409E+00, 254.431581, 142.761939,  90.000000
 31844.44166667,  8.977007E+03, -9.449007E+00, 254.370843, 142.880258,  90.000000
 31844.44236111,  8.946938E+03, -9.751971E+00, 254.311312, 142.996615,  90.000000
 31844.44305555,  8.916326E+03, -1.005633E+01, 254.253025, 143.110964,  90.000000
 31844.44375000,  8.885171E+03, -1.036213E+01, 254.196023, 143.223255,  90.000000
 31844.44444444,  8.853470E+03, -1.066938E+01, 254.140345, 143.333439,  90.000000
 31844.44513889,  8.821222E+03, -1.097814E+01, 254.086035, 143.441461,  90.000000
 31844.44583333,  8.788426E+03, -1.128844E+01, 254.033135, 143.547269,  90.000000
 31844.44652778,  8.755079E+03, -1.160030E+01, 253.981689, 143.650806,  90.000000
 31844.44722222,  8.721181E+03, -1.191378E+01, 253.931742, 143.752013,  90.000000
 31844.44791667,  8.686729E+03, -1.222889E+01, 253.883343, 143.850831,  90.000000
 31844.44861111,  8.651721E+03, -1.254569E+01, 253.836539, 143.947198,  90.000000
 31844.44930555,  8.616156E+03, -1.286422E+01, 253.791380, 144.041050,  90.000000
 31844.45000000,  8.580033E+03, -1.318450E+01, 253.747918, 144.132320,  90.000000
 31844.45069444,  8.543349E+03, -1.350659E+01, 253.706207, 144.220941,  90.000000
 31844.45138889,  8.506102E+03, -1.383052E+01, 253.666299, 144.306841,  90.000000
 31844.45208333,  8.468291E+03, -1.415633E+01, 253.628254, 144.389949,  90.000000
 31844.45277778,  8.429913E+03, -1.448408E+01, 253.592129, 144.470188,  90.000000
 31844.45347222,  8.390968E+03, -1.481379E+01, 253.557984, 144.547482,  90.000000
 31844.45416667,  8.351451E+03, -1.514553E+01, 253.525883, 144.621750,  90.000000
 31844.45486111,  8.311363E+03, -1.547932E+01, 253.495890, 144.692910,  90.000000
 31844.45555555,  8.270700E+03, -1.581523E+01, 253.468072, 144.760877,  90.000000
 31844.45625000,  8.229461E+03, -1.615329E+01, 253.442499, 144.825563,  90.000000
 31844.45694444,  8.187644E+03, -1.649356E+01, 253.419243, 144.886878,  90.000000
 31844.45763889,  8.145245E+03, -1.683608E+01, 253.398379, 144.944729,  90.000000
 31844.45833333,  8.102265E+03, -1.718091E+01, 253.379985, 144.999019,  90.000000
 31844.45902778,  8.058699E+03, -1.752810E+01, 253.364139, 145.049649,  90.000000
 31844.45972222,  8.014546E+03, -1.787770E+01, 253.350928, 145.096518,  90.000000
 31844.46041667,  7.969803E+03, -1.822977E+01, 253.340436, 145.139521,  90.000000
 31844.46111111,  7.924469E+03, -1.858437E+01, 253.332754, 145.178549,  90.000000
 31844.46180555,  7.878540E+03, -1.894154E+01, 253.327976, 145.213492,  90.000000
 31844.46250000,  7.832016E+03, -1.930135E+01, 253.326199, 145.244234,  90.000000
 31844.46319444,  7.784893E+03, -1.966386E+01, 253.327526, 145.270658,  90.000000
 31844.46388889,  7.737168E+03, -2.002913E+01, 253.332061, 145.292642,  90.000000
 31844.46458333,  7.688840E+03, -2.039722E+01, 253.339916, 145.310062,  90.000000
 31844.46527778,  7.639906E+03, -2.076819E+01, 253.351204, 145.322788,  90.000000
 31844.46597222,  7.590364E+03, -2.114212E+01, 253.366046, 145.330690,  90.000000
 31844.46666667,  7.540210E+03, -2.151906E+01, 253.384567, 145.333630,  90.000000
 31844.46736111,  7.489443E+03, -2.189909E+01, 253.406898, 145.331470,  90.000000
 31844.46805555,  7.438061E+03, -2.228228E+01, 253.433175, 145.324065,  90.000000
 31844.46875000,  7.386059E+03, -2.266870E+01, 253.463541, 145.311267,  90.000000
 31844.46944444,  7.333436E+03, -2.305842E+01, 253.498145, 145.292925,  90.000000
 31844.47013889,  7.280190E+03, -2.345151E+01, 253.537144, 145.268883,  90.000000
 31844.47083333,  7.226317E+03, -2.384806E+01, 253.580701, 145.238979,  90.000000
 31844.47152778,  7.171815E+03, -2.424814E+01, 253.628988, 145.203049,  90.000000
 31844.47222222,  7.116682E+03, -2.465184E+01, 253.682185, 145.160924,  90.000000
 31844.47291667,  7.060914E+03, -2.505923E+01, 253.740481, 145.112428,  90.000000
 31844.47361111,  7.004509E+03, -2.547040E+01, 253.804073, 145.057383,  90.000000
 31844.47430555,  6.947464E+03, -2.588543E+01, 253.873172, 144.995604,  90.000000
 31844.47500000,  6.889777E+03, -2.630442E+01, 253.947995, 144.926903,  90.000000
 31844.47569444,  6.831445E+03, -2.672745E+01, 254.028773, 144.851084,  90.000000
 31844.47638889,  6.772465E+03, -2.715462E+01, 254.115748, 144.767947,  90.000000
 31844.47708333,  6.712835E+03, -2.758601E+01, 254.209178, 144.677288,  90.000000
 31844.47777778,  6.652551E+03, -2.802173E+01, 254.309330, 144.578893,  90.000000
 31844.47847222,  6.591612E+03, -2.846187E+01, 254.416491, 144.472547,  90.000000
 31844.47916667,  6.530014E+03, -2.890653E+01, 254.530959, 144.358025,  90.000000
 31844.47986111,  6.467755E+03, -2.935580E+01, 254.653054, 144.235097,  90.000000
 31844.48055555,  6.404833E+03, -2.980981E+01, 254.783110, 144.103527,  90.000000
 31844.48125000,  6.341244E+03, -3.026864E+01, 254.921483, 143.963070,  90.000000
 31844.48194444,  6.276987E+03, -3.073240E+01, 255.068550, 143.813475,  90.000000
 31844.48263889,  6.212058E+03, -3.120121E+01, 255.224710, 143.654484,  90.000000
 31844.48333333,  6.146456E+03, -3.167516E+01, 255.390386, 143.485831,  90.000000
 31844.48402778,  6.080178E+03, -3.215437E+01, 255.566029, 143.307241,  90.000000
 31844.48472222,  6.013222E+03, -3.263895E+01, 255.752117, 143.118431,  90.000000
 31844.48541667,  5.945585E+03, -3.312901E+01, 255.949158, 142.919109,  90.000000
 31844.48611111,  5.877266E+03, -3.362467E+01, 256.157694, 142.708973,  90.000000
 31844.48680555,  5.808262E+03, -3.412602E+01, 256.378303, 142.487712,  90.000000
 31844.48750000,  5.738572E+03, -3.463319E+01, 256.611601, 142.255004,  90.000000
 31844.48819444,  5.668193E+03, -3.514628E+01, 256.858245, 142.010516,  90.000000
 31844.48888889,  5.597125E+03, -3.566541E+01, 257.118939, 141.753904,  90.000000
 31844.48958333,  5.525366E+03, -3.619067E+01, 257.394434, 141.484812,  90.000000
 31844.49027778,  5.452914E+03, -3.672217E+01, 257.685537, 141.202869,  90.000000
 31844.49097222,  5.379769E+03, -3.726002E+01, 257.993111, 140.907694,  90.000000
 31844.49166667,  5.305929E+03, -3.780429E+01, 258.318084, 140.598890,  90.000000
 31844.49236111,  5.231394E+03, -3.835509E+01, 258.661450, 140.276043,  90.000000
 31844.49305555,  5.156164E+03, -3.891249E+01, 259.024280, 139.938725,  90.000000
 31844.49375000,  5.080239E+03, -3.947656E+01, 259.407728, 139.586491,  90.000000
 31844.49444444,  5.003619E+03, -4.004737E+01, 259.813036, 139.218877,  90.000000
 31844.49513889,  4.926304E+03, -4.062495E+01, 260.241543, 138.835400,  90.000000
 31844.49583333,  4.848297E+03, -4.120934E+01, 260.694696, 138.435557,  90.000000
 31844.49652778,  4.769597E+03, -4.180054E+01, 261.174059, 138.018821,  90.000000
 31844.49722222,  4.690208E+03, -4.239855E+01, 261.681323, 137.584647,  90.000000
 31844.49791667,  4.610132E+03, -4.300332E+01, 262.218322, 137.132459,  90.000000
 31844.49861111,  4.529372E+03, -4.361478E+01, 262.787042, 136.661659,  90.000000
 31844.49930555,  4.447931E+03, -4.423284E+01, 263.389636, 136.171621,  90.000000
 31844.50000000,  4.365814E+03, -4.485732E+01, 264.028446, 135.661687,  90.000000
 31844.50069444,  4.283027E+03, -4.548804E+01, 264.706012, 135.131170,  90.000000
 31844.50138889,  4.199576E+03, -4.612473E+01, 265.425098, 134.579346,  90.000000
 31844.50208333,  4.115467E+03, -4.676706E+01, 266.188709, 134.005460,  90.000000
 31844.50277778,  4.030708E+03, -4.741462E+01, 267.000115, 133.408715,  90.000000
 31844.50347222,  3.945309E+03, -4.806690E+01, 267.862874, 132.788275,  90.000000
 31844.50416667,  3.859281E+03, -4.872328E+01, 268.780853, 132.143259,  90.000000
 31844.50486111,  3.772634E+03, -4.938304E+01, 269.758261, 131.472744,  90.000000
 31844.50555555,  3.685383E+03, -5.004527E+01, 270.799667, 130.775754,  90.000000
 31844.50625000,  3.597542E+03, -5.070891E+01, 271.910027, 130.051264,  90.000000
 31844.50694444,  3.509128E+03, -5.137270E+01, 273.094706, 129.298193,  90.000000
 31844.50763889,  3.420159E+03, -5.203515E+01, 274.359497, 128.515401,  90.000000
 31844.50833333,  3.330657E+03, -5.269449E+01, 275.710631, 127.701688,  90.000000
 31844.50902778,  3.240645E+03, -5.334867E+01, 277.154776, 126.855787,  90.000000
 31844.50972222,  3.150149E+03, -5.399527E+01, 278.699024, 125.976364,  90.000000
 31844.51041667,  3.059197E+03, -5.463146E+01, 280.350857, 125.062011,  90.000000
 31844.51111111,  2.967822E+03, -5.525396E+01, 282.118079, 124.111245,  90.000000
 31844.51180555,  2.876059E+03, -5.585898E+01, 284.008717, 123.122503,  90.000000
 31844.51250000,  2.783949E+03, -5.644213E+01, 286.030866, 122.094139,  90.000000
 31844.51319444,  2.691533E+03, -5.699840E+01, 288.192481, 121.024420,  90.000000
 31844.51388889,  2.598862E+03, -5.752206E+01, 290.501089, 119.911525,  90.000000
 31844.51458333,  2.505988E+03, -5.800663E+01, 292.963424, 118.753542,  90.000000
 31844.51527778,  2.412971E+03, -5.844482E+01, 295.584960, 117.548466,  90.000000
 31844.51597222,  2.319875E+03, -5.882855E+01, 298.369374, 116.294197,  90.000000
 31844.51666667,  2.226775E+03, -5.914891E+01, 301.317916, 114.988545,  90.000000
 31844.51736111,  2.133748E+03, -5.939626E+01, 304.428756, 113.629230,  90.000000
 31844.51805555,  2.040884E+03, -5.956030E+01, 307.696334, 112.213884,  90.000000
 31844.51875000,  1.948278E+03, -5.963026E+01, 311.110816, 110.740066,  90.000000
 31844.51944444,  1.856038E+03, -5.959509E+01, 314.657736, 109.205266,  90.000000
 31844.52013889,  1.764280E+03, -5.944371E+01, 318.317937, 107.606923,  90.000000
 31844.52083333,  1.673133E+03, -5.916539E+01, 322.067886, 105.942447,  90.000000
 31844.52152778,  1.582737E+03, -5.874996E+01, 325.880407, 104.209249,  90.000000
 31844.52222222,  1.493246E+03, -5.818820E+01, 329.725812, 102.404771,  90.000000
 31844.52291667,  1.404829E+03, -5.747207E+01, 333.573320, 100.526540,  90.000000
 31844.52361111,  1.317669E+03, -5.659486E+01, 337.392614,  98.572222,  90.000000
 31844.52430555,  1.231963E+03, -5.555137E+01, 341.155345,  96.539697,  90.000000
 31844.52500000,  1.147930E+03, -5.433790E+01, 344.836408,  94.427147,  90.000000
 31844.52569444,  1.065802E+03, -5.295218E+01, 348.414857,  92.233162,  90.000000
 31844.52638889,  9.858331E+02, -5.139338E+01, 351.874413,  89.956868,  90.000000
 31844.52708333,  9.082959E+02, -4.966190E+01, 355.203573,  87.598067,  90.000000
 31844.52777778,  8.334845E+02, -4.775938E+01, 358.395399,  85.157401,  90.000000
 31844.52847222,  7.617139E+02, -4.568857E+01,   1.447077,  82.636521,  90.000000
 31844.52916667,  6.933208E+02, -4.345334E+01,   4.359357,  80.038270,  90.000000
 31844.52986111,  6.286620E+02, -4.105867E+01,   7.135948,  77.366862,  90.000000
 31844.53055555,  5.681113E+02, -3.851065E+01,   9.782951,  74.628049,  90.000000
 31844.53125000,  5.120537E+02, -3.581657E+01,  12.308336,  71.829285,  90.000000
 31844.53194444,  4.608764E+02, -3.298492E+01,  14.721502,  68.979878,  90.000000
 31844.53263889,  4.149548E+02, -3.002538E+01,  17.032878,  66.091144,  90.000000
 31844.53333333,  3.746361E+02, -2.694882E+01,  19.253575,  63.176597,  90.000000
 31844.53402778,  3.402196E+02, -2.376727E+01,  21.395035,  60.252190,  90.000000
 31844.53472222,  3.119383E+02, -2.049383E+01,  23.468695,  57.336639,  90.000000
 31844.53541667,  2.899448E+02, -1.714262E+01,  25.485647,  54.451823,  90.000000
 31844.53611111,  2.743042E+02, -1.372870E+01,  27.456332,  51.623222,  90.000000
 31844.53680555,  2.649985E+02, -1.026800E+01,  29.390295,  48.880300,  90.000000
 31844.53750000,  2.619404E+02, -6.777146E+00,  31.296049,  46.256692,  90.000000
 31844.53819444,  2.649954E+02, -3.273240E+00,  33.181068,  43.790008,  90.000000
 31844.53888889,  2.740057E+02,  2.264102E-01,  35.051914,  41.521062,  90.000000
 31844.53958333,  2.888120E+02,  3.704689E+00,  36.914474,  39.492315,  90.000000
 31844.54027778,  3.092665E+02,  7.145070E+00,  38.774254,  37.745412,  90.000000
 31844.54097222,  3.352374E+02,  1.053201E+01,  40.636678,  36.317831,  90.000000
 31844.54166667,  3.666025E+02,  1.385126E+01,  42.507345,  35.238968,  90.000000
 31844.54236111,  4.032385E+02,  1.709010E+01,  44.392195,  34.526336,  90.000000
 31844.54305555,  4.450070E+02,  2.023742E+01,  46.297572,  34.182850,  90.000000
 31844.54375000,  4.917428E+02,  2.328372E+01,  48.230194,  34.196101,  90.000000
 31844.54444444,  5.432475E+02,  2.622103E+01,  50.197046,  34.539976,  90.000000
 31844.54513889,  5.992871E+02,  2.904282E+01,  52.205213,  35.178170,  90.000000
 31844.54583333,  6.595960E+02,  3.174380E+01,  54.261699,  36.068606,  90.000000
 31844.54652778,  7.238835E+02,  3.431981E+01,  56.373227,  37.167648,  90.000000
 31844.54722222,  7.918432E+02,  3.676768E+01,  58.546052,  38.433383,  90.000000
 31844.54791667,  8.631615E+02,  3.908510E+01,  60.785779,  39.827723,  90.000000
 31844.54861111,  9.375263E+02,  4.127052E+01,  63.097188,  41.317436,  90.000000
 31844.54930555,  1.014633E+03,  4.332305E+01,  65.484061,  42.874401,  90.000000
 31844.55000000,  1.094190E+03,  4.524238E+01,  67.949012,  44.475362,  90.000000
 31844.55069444,  1.175922E+03,  4.702874E+01,  70.493304,  46.101431,  90.000000
 31844.55138889,  1.259571E+03,  4.868281E+01,  73.116683,  47.737500,  90.000000
 31844.55208333,  1.344899E+03,  5.020573E+01,  75.817216,  49.371641,  90.000000
'End of File'
