 MJD, Altitude, Latitude, Longitude, SPS, Alpha
 31844.00000000, 1.959000E+02, 0.000000E+00, 223.942534, 41.454815, 90.000000
 31844.00069444, 1.975458E+02, 3.278826E+00, 225.558180, 39.634778, 90.000000
 31844.00138889, 2.026336E+02, 6.546158E+00, 227.155758, 38.075808, 90.000000
 31844.00208333, 2.113435E+02, 9.793245E+00, 228.745351, 36.806195, 90.000000
 31844.00277778, 2.237806E+02, 1.301163E+01, 230.337885, 35.848888, 90.000000
 31844.00347222, 2.399654E+02, 1.619307E+01, 231.944996, 35.219178, 90.000000
 31844.00416667, 2.598329E+02, 1.932939E+01, 233.578851, 34.922760, 90.000000
 31844.00486111, 2.832426E+02, 2.241248E+01, 235.251988, 34.954743, 90.000000
 31844.00555556, 3.099937E+02, 2.543428E+01, 236.977168, 35.299940, 90.000000
 31844.00625000, 3.398437E+02, 2.838677E+01, 238.767295, 35.934464, 90.000000
 31844.00694444, 3.725276E+02, 3.126207E+01, 240.635381, 36.828224, 90.000000
 31844.00763889, 4.077740E+02, 3.405250E+01, 242.594561, 37.947748, 90.000000
 31844.00833333, 4.453178E+02, 3.675063E+01, 244.658129, 39.258781, 90.000000
 31844.00902778, 4.849089E+02, 3.934925E+01, 246.839578, 40.728297, 90.000000
 31844.00972222, 5.263162E+02, 4.184145E+01, 249.152595, 42.325849, 90.000000
 31844.01041667, 5.693293E+02, 4.422046E+01, 251.610985, 44.024289, 90.000000
 31844.01111111, 6.137575E+02, 4.647964E+01, 254.228479, 45.800015, 90.000000
 31844.01180556, 6.594275E+02, 4.861236E+01, 257.018382, 47.632899, 90.000000
 31844.01250000, 7.061812E+02, 5.061192E+01, 259.993023, 49.506030, 90.000000
 31844.01319444, 7.538725E+02, 5.247154E+01, 263.162963, 51.405360, 90.000000
 31844.01388889, 8.023659E+02, 5.418432E+01, 266.535964, 53.319330, 90.000000
 31844.01458333, 8.515338E+02, 5.574336E+01, 270.115703, 55.238499, 90.000000
 31844.01527778, 9.012562E+02, 5.714196E+01, 273.900341, 57.155214, 90.000000
 31844.01597222, 9.514192E+02, 5.837384E+01, 277.881062, 59.063312, 90.000000
 31844.01666667, 1.001915E+03, 5.943360E+01, 282.040833, 60.957864, 90.000000
 31844.01736111, 1.052641E+03, 6.031715E+01, 286.353677, 62.834963, 90.000000
 31844.01805556, 1.103502E+03, 6.102218E+01, 290.784761, 64.691545, 90.000000
 31844.01875000, 1.154405E+03, 6.154863E+01, 295.291537, 66.525237, 90.000000
 31844.01944444, 1.205266E+03, 6.189897E+01, 299.825956, 68.334240, 90.000000
 31844.02013889, 1.256006E+03, 6.207834E+01, 304.337545, 70.117220, 90.000000
 31844.02083333, 1.306549E+03, 6.209441E+01, 308.776880, 71.873231, 90.000000
 31844.02152778, 1.356826E+03, 6.195709E+01, 313.098887, 73.601642, 90.000000
 31844.02222222, 1.406774E+03, 6.167801E+01, 317.265441, 75.302083, 90.000000
 31844.02291667, 1.456333E+03, 6.126990E+01, 321.246944, 76.974397, 90.000000
 31844.02361111, 1.505449E+03, 6.074603E+01, 325.022817, 78.618597, 90.000000
 31844.02430556, 1.554072E+03, 6.011962E+01, 328.581064, 80.234841, 90.000000
 31844.02500000, 1.602155E+03, 5.940345E+01, 331.917191, 81.823397, 90.000000
 31844.02569444, 1.649656E+03, 5.860952E+01, 335.032796, 83.384626, 90.000000
 31844.02638889, 1.696536E+03, 5.774886E+01, 337.934087, 84.918959, 90.000000
 31844.02708333, 1.742759E+03, 5.683141E+01, 340.630506, 86.426881, 90.000000
 31844.02777778, 1.788292E+03, 5.586604E+01, 343.133554, 87.908923, 90.000000
 31844.02847222, 1.833105E+03, 5.486054E+01, 345.455850, 89.365643, 90.000000
 31844.02916667, 1.877169E+03, 5.382171E+01, 347.610432, 90.797622, 90.000000
 31844.02986111, 1.920460E+03, 5.275543E+01, 349.610246, 92.205452, 90.000000
 31844.03055556, 1.962953E+03, 5.166678E+01, 351.467804, 93.589735, 90.000000
 31844.03125000, 2.004626E+03, 5.056008E+01, 353.194973, 94.951072, 90.000000
 31844.03194444, 2.045460E+03, 4.943906E+01, 354.802852, 96.290059, 90.000000
 31844.03263889, 2.085436E+03, 4.830685E+01, 356.301715, 97.607287, 90.000000
 31844.03333333, 2.124536E+03, 4.716614E+01, 357.701007, 98.903336, 90.000000
 31844.03402778, 2.162745E+03, 4.601918E+01, 359.009363, 100.178772, 90.000000
 31844.03472222, 2.200048E+03, 4.486788E+01,  0.234649, 101.434146, 90.000000
 31844.03541667, 2.236432E+03, 4.371383E+01,  1.384012, 102.669991, 90.000000
 31844.03611111, 2.271884E+03, 4.255837E+01,  2.463937, 103.886823, 90.000000
 31844.03680556, 2.306392E+03, 4.140262E+01,  3.480304, 105.085137, 90.000000
 31844.03750000, 2.339946E+03, 4.024749E+01,  4.438440, 106.265408, 90.000000
 31844.03819444, 2.372536E+03, 3.909374E+01,  5.343175, 107.428089, 90.000000
 31844.03888889, 2.404153E+03, 3.794199E+01,  6.198890, 108.573611, 90.000000
 31844.03958333, 2.434787E+03, 3.679273E+01,  7.009564, 109.702381, 90.000000
 31844.04027778, 2.464432E+03, 3.564635E+01,  7.778813, 110.814786, 90.000000
 31844.04097222, 2.493079E+03, 3.450314E+01,  8.509926, 111.911185, 90.000000
 31844.04166667, 2.520723E+03, 3.336333E+01,  9.205904, 112.991917, 90.000000
 31844.04236111, 2.547357E+03, 3.222709E+01,  9.869485, 114.057293, 90.000000
 31844.04305556, 2.572975E+03, 3.109451E+01, 10.503175, 115.107602, 90.000000
 31844.04375000, 2.597572E+03, 2.996564E+01, 11.109269, 116.143106, 90.000000
 31844.04444444, 2.621143E+03, 2.884049E+01, 11.689874, 117.164043, 90.000000
 31844.04513889, 2.643683E+03, 2.771905E+01, 12.246930, 118.170622, 90.000000
 31844.04583333, 2.665189E+03, 2.660124E+01, 12.782224, 119.163029, 90.000000
 31844.04652778, 2.685656E+03, 2.548699E+01, 13.297407, 120.141420, 90.000000
 31844.04722222, 2.705081E+03, 2.437618E+01, 13.794008, 121.105925, 90.000000
 31844.04791667, 2.723461E+03, 2.326870E+01, 14.273448, 122.056644, 90.000000
 31844.04861111, 2.740793E+03, 2.216438E+01, 14.737046, 122.993648, 90.000000
 31844.04930556, 2.757073E+03, 2.106309E+01, 15.186035, 123.916980, 90.000000
 31844.05000000, 2.772301E+03, 1.996463E+01, 15.621567, 124.826648, 90.000000
 31844.05069444, 2.786472E+03, 1.886883E+01, 16.044722, 125.722631, 90.000000
 31844.05138889, 2.799586E+03, 1.777549E+01, 16.456515, 126.604872, 90.000000
 31844.05208333, 2.811640E+03, 1.668440E+01, 16.857906, 127.473283, 90.000000
 31844.05277778, 2.822633E+03, 1.559536E+01, 17.249799, 128.327736, 90.000000
 31844.05347222, 2.832563E+03, 1.450815E+01, 17.633054, 129.168067, 90.000000
 31844.05416667, 2.841429E+03, 1.342254E+01, 18.008491, 129.994075, 90.000000
 31844.05486111, 2.849229E+03, 1.233830E+01, 18.376889, 130.805515, 90.000000
 31844.05555556, 2.855963E+03, 1.125521E+01, 18.738999, 131.602102, 90.000000
 31844.05625000, 2.861629E+03, 1.017303E+01, 19.095541, 132.383506, 90.000000
 31844.05694444, 2.866228E+03, 9.091512E+00, 19.447211, 133.149349, 90.000000
 31844.05763889, 2.869758E+03, 8.010417E+00, 19.794682, 133.899209, 90.000000
 31844.05833333, 2.872218E+03, 6.929497E+00, 20.138610, 134.632610, 90.000000
 31844.05902778, 2.873608E+03, 5.848505E+00, 20.479638, 135.349026, 90.000000
 31844.05972222, 2.873929E+03, 4.767190E+00, 20.818393, 136.047877, 90.000000
 31844.06041667, 2.873179E+03, 3.685297E+00, 21.155495, 136.728527, 90.000000
 31844.06111111, 2.871359E+03, 2.602572E+00, 21.491556, 137.390283, 90.000000
 31844.06180556, 2.868469E+03, 1.518758E+00, 21.827188, 138.032391, 90.000000
 31844.06250000, 2.864509E+03, 4.335961E-01, 22.162997, 138.654041, 90.000000
 31844.06319444, 2.859480E+03, -6.531728E-01, 22.499594, 139.254358, 90.000000
 31844.06388889, 2.853381E+03, -1.741810E+00, 22.837593, 139.832409, 90.000000
 31844.06458333, 2.846214E+03, -2.832578E+00, 23.177615, 140.387197, 90.000000
 31844.06527778, 2.837978E+03, -3.925740E+00, 23.520291, 140.917667, 90.000000
 31844.06597222, 2.828676E+03, -5.021560E+00, 23.866266, 141.422704, 90.000000
 31844.06666667, 2.818308E+03, -6.120303E+00, 24.216199, 141.901135, 90.000000
 31844.06736111, 2.806874E+03, -7.222232E+00, 24.570770, 142.351737, 90.000000
 31844.06805556, 2.794378E+03, -8.327613E+00, 24.930680, 142.773237, 90.000000
 31844.06875000, 2.780819E+03, -9.436711E+00, 25.296657, 143.164317, 90.000000
 31844.06944444, 2.766200E+03, -1.054979E+01, 25.669459, 143.523625, 90.000000
 31844.07013889, 2.750522E+03, -1.166711E+01, 26.049878, 143.849780, 90.000000
 31844.07083333, 2.733788E+03, -1.278893E+01, 26.438745, 144.141381, 90.000000
 31844.07152778, 2.716001E+03, -1.391551E+01, 26.836933, 144.397020, 90.000000
 31844.07222222, 2.697161E+03, -1.504710E+01, 27.245367, 144.615290, 90.000000
 31844.07291667, 2.677274E+03, -1.618396E+01, 27.665025, 144.794800, 90.000000
 31844.07361111, 2.656341E+03, -1.732633E+01, 28.096947, 144.934184, 90.000000
 31844.07430556, 2.634366E+03, -1.847445E+01, 28.542244, 145.032119, 90.000000
 31844.07500000, 2.611353E+03, -1.962854E+01, 29.002101, 145.087336, 90.000000
 31844.07569444, 2.587306E+03, -2.078883E+01, 29.477792, 145.098628, 90.000000
 31844.07638889, 2.562230E+03, -2.195552E+01, 29.970685, 145.064871, 90.000000
 31844.07708333, 2.536130E+03, -2.312881E+01, 30.482256, 144.985023, 90.000000
 31844.07777778, 2.509010E+03, -2.430888E+01, 31.014102, 144.858141, 90.000000
 31844.07847222, 2.480878E+03, -2.549586E+01, 31.567955, 144.683385, 90.000000
 31844.07916667, 2.451739E+03, -2.668990E+01, 32.145696, 144.460020, 90.000000
 31844.07986111, 2.421600E+03, -2.789110E+01, 32.749376, 144.187418, 90.000000
 31844.08055556, 2.390470E+03, -2.909951E+01, 33.381235, 143.865063, 90.000000
 31844.08125000, 2.358356E+03, -3.031516E+01, 34.043726, 143.492537, 90.000000
 31844.08194444, 2.325268E+03, -3.153801E+01, 34.739540, 143.069525, 90.000000
 31844.08263889, 2.291215E+03, -3.276799E+01, 35.471638, 142.595801, 90.000000
 31844.08333333, 2.256208E+03, -3.400493E+01, 36.243285, 142.071219, 90.000000
 31844.08402778, 2.220259E+03, -3.524858E+01, 37.058085, 141.495703, 90.000000
 31844.08472222, 2.183380E+03, -3.649862E+01, 37.920029, 140.869238, 90.000000
 31844.08541667, 2.145585E+03, -3.775458E+01, 38.833541, 140.191849, 90.000000
 31844.08611111, 2.106889E+03, -3.901588E+01, 39.803538, 139.463598, 90.000000
 31844.08680556, 2.067307E+03, -4.028175E+01, 40.835486, 138.684563, 90.000000
 31844.08750000, 2.026857E+03, -4.155124E+01, 41.935476, 137.854832, 90.000000
 31844.08819444, 1.985558E+03, -4.282319E+01, 43.110296, 136.974485, 90.000000
 31844.08888889, 1.943430E+03, -4.409613E+01, 44.367517, 136.043590, 90.000000
 31844.08958333, 1.900495E+03, -4.536830E+01, 45.715583, 135.062185, 90.000000
 31844.09027778, 1.856777E+03, -4.663754E+01, 47.163904, 134.030278, 90.000000
 31844.09097222, 1.812302E+03, -4.790126E+01, 48.722948, 132.947834, 90.000000
 31844.09166667, 1.767098E+03, -4.915630E+01, 50.404323, 131.814768, 90.000000
 31844.09236111, 1.721194E+03, -5.039890E+01, 52.220850, 130.630945, 90.000000
 31844.09305556, 1.674625E+03, -5.162455E+01, 54.186587, 129.396173, 90.000000
 31844.09375000, 1.627424E+03, -5.282786E+01, 56.316810, 128.110201, 90.000000
 31844.09444444, 1.579630E+03, -5.400245E+01, 58.627886, 126.772720, 90.000000
 31844.09513889, 1.531285E+03, -5.514076E+01, 61.137020, 125.383362, 90.000000
 31844.09583333, 1.482434E+03, -5.623393E+01, 63.861794, 123.941702, 90.000000
 31844.09652778, 1.433124E+03, -5.727164E+01, 66.819449, 122.447260, 90.000000
 31844.09722222, 1.383409E+03, -5.824198E+01, 70.025805, 120.899509, 90.000000
 31844.09791667, 1.333344E+03, -5.913143E+01, 73.493790, 119.297879, 90.000000
 31844.09861111, 1.282992E+03, -5.992487E+01, 77.231522, 117.641765, 90.000000
 31844.09930556, 1.232418E+03, -6.060574E+01, 81.240030, 115.930534, 90.000000
 31844.10000000, 1.181692E+03, -6.115649E+01, 85.510815, 114.163542, 90.000000
 31844.10069444, 1.130893E+03, -6.155909E+01, 90.023622, 112.340140, 90.000000
 31844.10138889, 1.080102E+03, -6.179588E+01, 94.744996, 110.459696, 90.000000
 31844.10208333, 1.029406E+03, -6.185053E+01, 99.628228, 108.521611, 90.000000
 31844.10277778, 9.788996E+02, -6.170908E+01, 104.615164, 106.525341, 90.000000
 31844.10347222, 9.286818E+02, -6.136085E+01, 109.639973, 104.470423, 90.000000
 31844.10416667, 8.788577E+02, -6.079902E+01, 114.634366, 102.356511, 90.000000
 31844.10486111, 8.295370E+02, -6.002092E+01, 119.533315, 100.183407, 90.000000
 31844.10555556, 7.808345E+02, -5.902780E+01, 124.280120, 97.951118, 90.000000
 31844.10625000, 7.328689E+02, -5.782429E+01, 128.829891, 95.659907, 90.000000
 31844.10694444, 6.857623E+02, -5.641759E+01, 133.151070, 93.310369, 90.000000
 31844.10763889, 6.396394E+02, -5.481671E+01, 137.225118, 90.903513, 90.000000
 31844.10833333, 5.946278E+02, -5.303166E+01, 141.044902, 88.440875, 90.000000
 31844.10902778, 5.508574E+02, -5.107289E+01, 144.612385, 85.924631, 90.000000
 31844.10972222, 5.084620E+02, -4.895087E+01, 147.936166, 83.357749, 90.000000
 31844.11041667, 4.675804E+02, -4.667584E+01, 151.029236, 80.744141, 90.000000
 31844.11111111, 4.283596E+02, -4.425778E+01, 153.907122, 78.088835, 90.000000
 31844.11180556, 3.909589E+02, -4.170639E+01, 156.586490, 75.398150, 90.000000
 31844.11250000, 3.555543E+02, -3.903121E+01, 159.084166, 72.679858, 90.000000
 31844.11319444, 3.223439E+02, -3.624177E+01, 161.416521, 69.943329, 90.000000
 31844.11388889, 2.915518E+02, -3.334772E+01, 163.599137, 67.199641, 90.000000
 31844.11458333, 2.634311E+02, -3.035896E+01, 165.646688, 64.461633, 90.000000
 31844.11527778, 2.382627E+02, -2.728568E+01, 167.572971, 61.743914, 90.000000
 31844.11597222, 2.163505E+02, -2.413842E+01, 169.391022, 59.062810, 90.000000
 31844.11666667, 1.980104E+02, -2.092806E+01, 171.113291, 56.436261, 90.000000
 31844.11736111, 1.835544E+02, -1.766571E+01, 172.751810, 53.883694, 90.000000
 31844.11805556, 1.732712E+02, -1.436268E+01, 174.318334, 51.425865, 90.000000
 31844.11875000, 1.674037E+02, -1.103035E+01, 175.824437, 49.084689, 90.000000
 31844.11944444, 1.661284E+02, -7.680068E+00, 177.281539, 46.883044, 90.000000
 31844.12013889, 1.695397E+02, -4.323113E+00, 178.700868, 44.844480, 90.000000
 31844.12083333, 1.776404E+02, -9.705758E-01, 180.093384, 42.992795, 90.000000
 31844.12152778, 1.903415E+02, 2.366700E+00, 181.469673, 41.351354, 90.000000
 31844.12222222, 2.074705E+02, 5.678209E+00, 182.839855, 39.942112, 90.000000
 31844.12291667, 2.287862E+02, 8.953881E+00, 184.213517, 38.784327, 90.000000
 31844.12361111, 2.539977E+02, 1.218420E+01, 185.599702, 37.893056, 90.000000
 31844.12430556, 2.827847E+02, 1.536030E+01, 187.006943, 37.277669, 90.000000
 31844.12500000, 3.148159E+02, 1.847409E+01, 188.443354, 36.940680, 90.000000
 31844.12569444, 3.497638E+02, 2.151829E+01, 189.916754, 36.877196, 90.000000
 31844.12638889, 3.873164E+02, 2.448648E+01, 191.434822, 37.075168, 90.000000
 31844.12708333, 4.271827E+02, 2.737310E+01, 193.005243, 37.516422, 90.000000
 31844.12777778, 4.690965E+02, 3.017335E+01, 194.635866, 38.178250, 90.000000
 31844.12847222, 5.128161E+02, 3.288314E+01, 196.334829, 39.035246, 90.000000
 31844.12916667, 5.581224E+02, 3.549896E+01, 198.110666, 40.061052, 90.000000
 31844.12986111, 6.048169E+02, 3.801771E+01, 199.972377, 41.229810, 90.000000
 31844.13055556, 6.527183E+02, 4.043662E+01, 201.929460, 42.517196, 90.000000
 31844.13125000, 7.016600E+02, 4.275306E+01, 203.991888, 43.901067, 90.000000
 31844.13194444, 7.514879E+02, 4.496444E+01, 206.170036, 45.361763, 90.000000
 31844.13263889, 8.020584E+02, 4.706806E+01, 208.474531, 46.882165, 90.000000
 31844.13333333, 8.532369E+02, 4.906107E+01, 210.916017, 48.447590, 90.000000
 31844.13402778, 9.048974E+02, 5.094034E+01, 213.504810, 50.045595, 90.000000
 31844.13472222, 9.569212E+02, 5.270247E+01, 216.250433, 51.665735, 90.000000
 31844.13541667, 1.009197E+03, 5.434375E+01, 219.161009, 53.299311, 90.000000
 31844.13611111, 1.061620E+03, 5.586021E+01, 222.242508, 54.939130, 90.000000
 31844.13680556, 1.114093E+03, 5.724771E+01, 225.497867, 56.579281, 90.000000
 31844.13750000, 1.166525E+03, 5.850208E+01, 228.926024, 58.214942, 90.000000
 31844.13819444, 1.218829E+03, 5.961932E+01, 232.520944, 59.842203, 90.000000
 31844.13888889, 1.270927E+03, 6.059587E+01, 236.270782, 61.457920, 90.000000
 31844.13958333, 1.322746E+03, 6.142888E+01, 240.157321, 63.059595, 90.000000
 31844.14027778, 1.374218E+03, 6.211654E+01, 244.155878, 64.645260, 90.000000
 31844.14097222, 1.425279E+03, 6.265838E+01, 248.235820, 66.213396, 90.000000
 31844.14166667, 1.475873E+03, 6.305552E+01, 252.361733, 67.762854, 90.000000
 31844.14236111, 1.525946E+03, 6.331079E+01, 256.495210, 69.292793, 90.000000
 31844.14305556, 1.575449E+03, 6.342879E+01, 260.597034, 70.802624, 90.000000
 31844.14375000, 1.624337E+03, 6.341572E+01, 264.629478, 72.291973, 90.000000
 31844.14444444, 1.672568E+03, 6.327922E+01, 268.558388, 73.760636, 90.000000
 31844.14513889, 1.720106E+03, 6.302796E+01, 272.354791, 75.208552, 90.000000
 31844.14583333, 1.766914E+03, 6.267136E+01, 275.995849, 76.635776, 90.000000
 31844.14652778, 1.812962E+03, 6.221915E+01, 279.465170, 78.042459, 90.000000
 31844.14722222, 1.858219E+03, 6.168108E+01, 282.752547, 79.428825, 90.000000
 31844.14791667, 1.902659E+03, 6.106662E+01, 285.853290, 80.795162, 90.000000
 31844.14861111, 1.946257E+03, 6.038473E+01, 288.767332, 82.141804, 90.000000
 31844.14930556, 1.988990E+03, 5.964379E+01, 291.498250, 83.469120, 90.000000
 31844.15000000, 2.030838E+03, 5.885142E+01, 294.052324, 84.777512, 90.000000
 31844.15069444, 2.071782E+03, 5.801454E+01, 296.437703, 86.067397, 90.000000
 31844.15138889, 2.111804E+03, 5.713932E+01, 298.663701, 87.339210, 90.000000
 31844.15208333, 2.150888E+03, 5.623122E+01, 300.740245, 88.593392, 90.000000
 31844.15277778, 2.189019E+03, 5.529506E+01, 302.677455, 89.830391, 90.000000
 31844.15347222, 2.226184E+03, 5.433503E+01, 304.485332, 91.050655, 90.000000
 31844.15416667, 2.262370E+03, 5.335481E+01, 306.173556, 92.254628, 90.000000
 31844.15486111, 2.297566E+03, 5.235755E+01, 307.751342, 93.442751, 90.000000
 31844.15555556, 2.331762E+03, 5.134601E+01, 309.227363, 94.615458, 90.000000
 31844.15625000, 2.364947E+03, 5.032255E+01, 310.609712, 95.773174, 90.000000
 31844.15694444, 2.397113E+03, 4.928918E+01, 311.905886, 96.916313, 90.000000
 31844.15763889, 2.428252E+03, 4.824765E+01, 313.122805, 98.045279, 90.000000
 31844.15833333, 2.458357E+03, 4.719945E+01, 314.266825, 99.160465, 90.000000
 31844.15902778, 2.487420E+03, 4.614582E+01, 315.343778, 100.262247, 90.000000
 31844.15972222, 2.515436E+03, 4.508785E+01, 316.358998, 101.350992, 90.000000
 31844.16041667, 2.542399E+03, 4.402643E+01, 317.317368, 102.427049, 90.000000
 31844.16111111, 2.568304E+03, 4.296233E+01, 318.223346, 103.490754, 90.000000
 31844.16180556, 2.593145E+03, 4.189617E+01, 319.081012, 104.542428, 90.000000
 31844.16250000, 2.616918E+03, 4.082847E+01, 319.894094, 105.582376, 90.000000
 31844.16319444, 2.639620E+03, 3.975967E+01, 320.666002, 106.610886, 90.000000
 31844.16388889, 2.661247E+03, 3.869010E+01, 321.399861, 107.628231, 90.000000
 31844.16458333, 2.681796E+03, 3.762003E+01, 322.098534, 108.634668, 90.000000
 31844.16527778, 2.701263E+03, 3.654968E+01, 322.764650, 109.630435, 90.000000
 31844.16597222, 2.719646E+03, 3.547918E+01, 323.400624, 110.615755, 90.000000
 31844.16666667, 2.736942E+03, 3.440865E+01, 324.008680, 111.590832, 90.000000
 31844.16736111, 2.753149E+03, 3.333814E+01, 324.590868, 112.555851, 90.000000
 31844.16805556, 2.768264E+03, 3.226768E+01, 325.149081, 113.510980, 90.000000
 31844.16875000, 2.782287E+03, 3.119724E+01, 325.685072, 114.456368, 90.000000
 31844.16944444, 2.795216E+03, 3.012680E+01, 326.200463, 115.392142, 90.000000
 31844.17013889, 2.807048E+03, 2.905628E+01, 326.696765, 116.318412, 90.000000
 31844.17083333, 2.817783E+03, 2.798559E+01, 327.175381, 117.235264, 90.000000
 31844.17152778, 2.827419E+03, 2.691463E+01, 327.637621, 118.142763, 90.000000
 31844.17222222, 2.835956E+03, 2.584325E+01, 328.084711, 119.040952, 90.000000
 31844.17291667, 2.843392E+03, 2.477132E+01, 328.517798, 119.929848, 90.000000
 31844.17361111, 2.849727E+03, 2.369868E+01, 328.937963, 120.809446, 90.000000
 31844.17430556, 2.854960E+03, 2.262514E+01, 329.346221, 121.679713, 90.000000
 31844.17500000, 2.859090E+03, 2.155052E+01, 329.743533, 122.540588, 90.000000
 31844.17569444, 2.862117E+03, 2.047462E+01, 330.130810, 123.391982, 90.000000
 31844.17638889, 2.864040E+03, 1.939723E+01, 330.508916, 124.233775, 90.000000
 31844.17708333, 2.864861E+03, 1.831814E+01, 330.878675, 125.065814, 90.000000
 31844.17777778, 2.864577E+03, 1.723710E+01, 331.240877, 125.887913, 90.000000
 31844.17847222, 2.863189E+03, 1.615390E+01, 331.596278, 126.699848, 90.000000
 31844.17916667, 2.860698E+03, 1.506827E+01, 331.945608, 127.501357, 90.000000
 31844.17986111, 2.857103E+03, 1.397996E+01, 332.289572, 128.292137, 90.000000
 31844.18055556, 2.852405E+03, 1.288873E+01, 332.628852, 129.071841, 90.000000
 31844.18125000, 2.846604E+03, 1.179429E+01, 332.964117, 129.840075, 90.000000
 31844.18194444, 2.839701E+03, 1.069637E+01, 333.296018, 130.596395, 90.000000
 31844.18263889, 2.831696E+03, 9.594691E+00, 333.625197, 131.340305, 90.000000
 31844.18333333, 2.822590E+03, 8.488964E+00, 333.952285, 132.071254, 90.000000
 31844.18402778, 2.812383E+03, 7.378893E+00, 334.277911, 132.788630, 90.000000
 31844.18472222, 2.801078E+03, 6.264176E+00, 334.602698, 133.491757, 90.000000
 31844.18541667, 2.788675E+03, 5.144505E+00, 334.927272, 134.179896, 90.000000
 31844.18611111, 2.775175E+03, 4.019564E+00, 335.252261, 134.852233, 90.000000
 31844.18680556, 2.760580E+03, 2.889033E+00, 335.578298, 135.507883, 90.000000
 31844.18750000, 2.744892E+03, 1.752583E+00, 335.906027, 136.145883, 90.000000
 31844.18819444, 2.728113E+03, 6.098815E-01, 336.236105, 136.765186, 90.000000
 31844.18888889, 2.710244E+03, -5.394124E-01, 336.569203, 137.364665, 90.000000
 31844.18958333, 2.691289E+03, -1.695645E+00, 336.906011, 137.943102, 90.000000
 31844.19027778, 2.671250E+03, -2.859169E+00, 337.247243, 138.499192, 90.000000
 31844.19097222, 2.650129E+03, -4.030342E+00, 337.593641, 139.031537, 90.000000
 31844.19166667, 2.627931E+03, -5.209527E+00, 337.945977, 139.538648, 90.000000
 31844.19236111, 2.604658E+03, -6.397096E+00, 338.305060, 140.018945, 90.000000
 31844.19305556, 2.580316E+03, -7.593420E+00, 338.671739, 140.470756, 90.000000
 31844.19375000, 2.554908E+03, -8.798880E+00, 339.046911, 140.892324, 90.000000
 31844.19444444, 2.528439E+03, -1.001386E+01, 339.431526, 141.281808, 90.000000
 31844.19513889, 2.500914E+03, -1.123874E+01, 339.826596, 141.637292, 90.000000
 31844.19583333, 2.472341E+03, -1.247391E+01, 340.233198, 141.956790, 90.000000
 31844.19652778, 2.442724E+03, -1.371976E+01, 340.652490, 142.238261, 90.000000
 31844.19722222, 2.412071E+03, -1.497668E+01, 341.085714, 142.479618, 90.000000
 31844.19791667, 2.380390E+03, -1.624505E+01, 341.534210, 142.678743, 90.000000
 31844.19861111, 2.347689E+03, -1.752527E+01, 341.999431, 142.833505, 90.000000
 31844.19930556, 2.313978E+03, -1.881769E+01, 342.482954, 142.941775, 90.000000
 31844.20000000, 2.279266E+03, -2.012269E+01, 342.986497, 143.001447, 90.000000
 31844.20069444, 2.243566E+03, -2.144063E+01, 343.511938, 143.010457, 90.000000
 31844.20138889, 2.206889E+03, -2.277182E+01, 344.061340, 142.966803, 90.000000
 31844.20208333, 2.169249E+03, -2.411660E+01, 344.636969, 142.868563, 90.000000
 31844.20277778, 2.130659E+03, -2.547522E+01, 345.241329, 142.713913, 90.000000
 31844.20347222, 2.091136E+03, -2.684795E+01, 345.877192, 142.501141, 90.000000
 31844.20416667, 2.050697E+03, -2.823497E+01, 346.547638, 142.228664, 90.000000
 31844.20486111, 2.009360E+03, -2.963642E+01, 347.256096, 141.895029, 90.000000
 31844.20555556, 1.967145E+03, -3.105236E+01, 348.006404, 141.498928, 90.000000
 31844.20625000, 1.924076E+03, -3.248277E+01, 348.802862, 141.039193, 90.000000
 31844.20694444, 1.880175E+03, -3.392750E+01, 349.650307, 140.514797, 90.000000
 31844.20763889, 1.835468E+03, -3.538628E+01, 350.554197, 139.924849, 90.000000
 31844.20833333, 1.789984E+03, -3.685866E+01, 351.520707, 139.268579, 90.000000
 31844.20902778, 1.743752E+03, -3.834400E+01, 352.556842, 138.545333, 90.000000
 31844.20972222, 1.696805E+03, -3.984140E+01, 353.670575, 137.754557, 90.000000
 31844.21041667, 1.649179E+03, -4.134964E+01, 354.870996, 136.895778, 90.000000
 31844.21111111, 1.600911E+03, -4.286715E+01, 356.168495, 135.968593, 90.000000
 31844.21180556, 1.552042E+03, -4.439186E+01, 357.574966, 134.972648, 90.000000
 31844.21250000, 1.502616E+03, -4.592115E+01, 359.104034, 133.907625, 90.000000
 31844.21319444, 1.452681E+03, -4.745169E+01,  0.771315, 132.773229, 90.000000
 31844.21388889, 1.402286E+03, -4.897930E+01,  2.594679, 131.569174, 90.000000
 31844.21458333, 1.351486E+03, -5.049873E+01,  4.594514, 130.295172, 90.000000
 31844.21527778, 1.300339E+03, -5.200345E+01,  6.793964, 128.950930, 90.000000
 31844.21597222, 1.248906E+03, -5.348533E+01,  9.219054, 127.536143, 90.000000
 31844.21666667, 1.197255E+03, -5.493437E+01, 11.898657, 126.050493, 90.000000
 31844.21736111, 1.145455E+03, -5.633826E+01, 14.864108, 124.493656, 90.000000
 31844.21805556, 1.093583E+03, -5.768202E+01, 18.148307, 122.865305, 90.000000
 31844.21875000, 1.041719E+03, -5.894765E+01, 21.783989, 121.165125, 90.000000
 31844.21944444, 9.899496E+02, -6.011373E+01, 25.800867, 119.392825, 90.000000
 31844.22013889, 9.383668E+02, -6.115544E+01, 30.221337, 117.548161, 90.000000
 31844.22083333, 8.870695E+02, -6.204472E+01, 35.054673, 115.630957, 90.000000
 31844.22152778, 8.361632E+02, -6.275114E+01, 40.290156, 113.641137, 90.000000
 31844.22222222, 7.857612E+02, -6.324339E+01, 45.890411, 111.578758, 90.000000
 31844.22291667, 7.359842E+02, -6.349153E+01, 51.787187, 109.444048, 90.000000
 31844.22361111, 6.869617E+02, -6.346968E+01, 57.882186, 107.237449, 90.000000
 31844.22430556, 6.388315E+02, -6.315877E+01, 64.054680, 104.959670, 90.000000
 31844.22500000, 5.917408E+02, -6.254842E+01, 70.175228, 102.611744, 90.000000
 31844.22569444, 5.458452E+02, -6.163769E+01, 76.121979, 100.195086, 90.000000
 31844.22638889, 5.013093E+02, -6.043425E+01, 81.794720, 97.711568, 90.000000
 31844.22708333, 4.583062E+02, -5.895260E+01, 87.122992, 95.163598, 90.000000
 31844.22777778, 4.170164E+02, -5.721175E+01, 92.067386, 92.554202, 90.000000
 31844.22847222, 3.776277E+02, -5.523303E+01, 96.615609, 89.887119, 90.000000
 31844.22916667, 3.403345E+02, -5.303840E+01, 100.775935, 87.166893, 90.000000
 31844.22986111, 3.053369E+02, -5.064938E+01, 104.570342, 84.398958, 90.000000
 31844.23055556, 2.728404E+02, -4.808647E+01, 108.028650, 81.589724, 90.000000
 31844.23125000, 2.430550E+02, -4.536898E+01, 111.184189, 78.746625, 90.000000
 31844.23194444, 2.161946E+02, -4.251509E+01, 114.070907, 75.878153, 90.000000
 31844.23263889, 1.924747E+02, -3.954203E+01, 116.721655, 72.993847, 90.000000
 31844.23333333, 1.721091E+02, -3.646629E+01, 119.167287, 70.104256, 90.000000
 31844.23402778, 1.553043E+02, -3.330375E+01, 121.436289, 67.220864, 90.000000
 31844.23472222, 1.422516E+02, -3.006977E+01, 123.554709, 64.356026, 90.000000
 31844.23541667, 1.331167E+02, -2.677923E+01, 125.546231, 61.522911, 90.000000
 31844.23611111, 1.280281E+02, -2.344649E+01, 127.432297, 58.735501, 90.000000
 31844.23680556, 1.270657E+02, -2.008530E+01, 129.232223, 56.008658, 90.000000
 31844.23750000, 1.302512E+02, -1.670875E+01, 130.963296, 53.358268, 90.000000
 31844.23819444, 1.375427E+02, -1.332918E+01, 132.640852, 50.801436, 90.000000
 31844.23888889, 1.488348E+02, -9.958182E+00, 134.278359, 48.356696, 90.000000
 31844.23958333, 1.639645E+02, -6.606535E+00, 135.887521, 46.044145, 90.000000
 31844.24027778, 1.827225E+02, -3.284254E+00, 137.478417, 43.885426, 90.000000
 31844.24097222, 2.048674E+02, -5.799101E-04, 139.059696, 41.903457, 90.000000
 31844.24166667, 2.301425E+02, 3.236015E+00, 140.638796, 40.121810, 90.000000
 31844.24236111, 2.582899E+02, 6.417823E+00, 142.222200, 38.563706, 90.000000
 31844.24305556, 2.890629E+02, 9.537911E+00, 143.815696, 37.250601, 90.000000
 31844.24375000, 3.222339E+02, 1.259012E+01, 145.424627, 36.200482, 90.000000
 31844.24444444, 3.575985E+02, 1.556905E+01, 147.054113, 35.426087, 90.000000
 31844.24513889, 3.949758E+02, 1.847005E+01, 148.709242, 34.933366, 90.000000
 31844.24583333, 4.342054E+02, 2.128915E+01, 150.395211, 34.720533, 90.000000
 31844.24652778, 4.751443E+02, 2.402298E+01, 152.117430, 34.777991, 90.000000
 31844.24722222, 5.176613E+02, 2.666872E+01, 153.881582, 35.089162, 90.000000
'End of File'
