'*',    73,     1,    31,    34,     6,     6,    -1,     0
'SPENVIS 4.6.11.3477          - 12-Apr-2024 10:06:53'
'PRJ_DEF', -1,'NICK'
'PRJ_HDR', -1,'ATOX'
'MOD_ABB', -1,'ORB'
'MIS_PLA',  1,    4,' '
'PLA_RAD', 1,   3389.90,'km'
'PLA_DIS', 1,     1.524,'AU'
'MIS_NTR',  1,    1,' '
'MIS_STA',  1,  31844.00000000,' '
'MIS_END',  1,  32574.00000000,' '
'MIS_DUR',  1, 7.300000E+02,'days'
'ORB_HDR', -1,' '
'ORB_TYP', -1,'GEN'
'ORB_MJD',  1,  31844.00000000,' '
'ORB_YEA',  1, 2037,' '
'ORB_MON',  1,  3,' '
'ORB_DAY',  1,  9,' '
'ORB_HOU',  1,  0,' '
'ORB_MIN',  1,  0,' '
'ORB_SEC',  1,  0.0,' '
'ORB_APO',  1, 3.000000E+03,'km'
'ORB_PER',  1, 2.500000E+02,'km'
'ORB_INC',  1,    60.00,'deg'
'ORB_RAA',  1,     0.00,'deg'
'ORB_ARG',  1,     0.00,'deg'
'ORB_TRA',  1,     0.00,'deg'
'ORB_PRD',  1, 2.995059E+00,'hrs'
'ORB_DUR',  1, 2.495882E-01,'days'
'ORB_TSE',  1,  32574.00000000,' '
'ORB_AXM',  1,  0,' '
'ORB_MJR', -1,'1 Jan 1950, 00:00 UT'
'ORB_GDR', -1,'Astron. J. 66, 15, 1961'
'PS Annotation',  8,  1
'Mission start: 09/03/2037 00:00:00'
 0.05, 0.00, 0.00
'Mission end: 09/03/2039 00:00:00'
 0.95, 0.00, 1.00
'Nr. of segments:   1'
 0.05, 1.50, 0.00
'Duration: 730.00 days'
 0.95, 0.00, 1.00
'PS Annotation', 24,  0
'Segment  1:'
 0.05, 2.00, 0.00
'Apogee: 3000.0 km'
 0.05, 1.50, 0.00
'Perigee: 250.0 km'
 0.50, 0.00, 0.50
'Inclination: 60.0 deg'
 0.95, 0.00, 1.00
'R.A. Asc. Node: 0.0 deg'
 0.05, 1.50, 0.00
'Arg. Per.: 0.0 deg'
 0.50, 0.00, 0.50
'True Anomaly: 0.0 deg'
 0.95, 0.00, 1.00
'Period: 3.00 hrs'
 0.05, 1.50, 0.00
'Duration: 0.25 days'
 0.50, 0.00, 0.50
'2.00 Orbits'
 0.95, 0.00, 1.00
'Orbit start: 09/03/2037 00:00:00'
 0.05, 1.50, 0.00
'Orbit end: 09/03/2037 05:59:24'
 0.95, 0.00, 1.00
'MJD','days',  1,'Modified Julian Day'
'Altitude','km  ',  1,'Altitude'
'Latitude','deg ',  1,'Latitude'
'Longitude','deg ',  1,'Longitude'
'SPS','deg ',  1,'Sun-planet-Satellite angle'
'Alpha','deg ',  1,'Pitch Angle'
 31844.00000000,  2.459000E+02,  0.000000E+00, 223.942534,  41.454815,  90.000000
 31844.00069444,  2.474706E+02,  3.203120E+00, 225.516651,  39.672844,  90.000000
 31844.00138889,  2.523135E+02,  6.395653E+00, 227.075216,  38.137597,  90.000000
 31844.00208333,  2.605864E+02,  9.569435E+00, 228.627558,  36.875832,  90.000000
 31844.00277778,  2.723829E+02,  1.271657E+01, 230.183737,  35.909706,  90.000000
 31844.00347222,  2.877233E+02,  1.582933E+01, 231.754436,  35.254665,  90.000000
 31844.00416667,  3.065537E+02,  1.890011E+01, 233.350840,  34.917613,  90.000000
 31844.00486111,  3.287537E+02,  2.192135E+01, 234.984497,  34.895848,  90.000000
 31844.00555556,  3.541477E+02,  2.488550E+01, 236.667211,  35.177097,  90.000000
 31844.00625000,  3.825212E+02,  2.778511E+01, 238.410970,  35.740734,  90.000000
 31844.00694444,  4.136365E+02,  3.061278E+01, 240.227916,  36.559876,  90.000000
 31844.00763889,  4.472471E+02,  3.336130E+01, 242.130353,  37.603897,  90.000000
 31844.00833333,  4.831090E+02,  3.602362E+01, 244.130777,  38.840839,  90.000000
 31844.00902778,  5.209895E+02,  3.859290E+01, 246.241903,  40.239387,  90.000000
 31844.00972222,  5.606710E+02,  4.106251E+01, 248.476668,  41.770245,  90.000000
 31844.01041667,  6.019537E+02,  4.342596E+01, 250.848174,  43.406959,  90.000000
 31844.01111111,  6.446553E+02,  4.567683E+01, 253.369535,  45.126259,  90.000000
 31844.01180556,  6.886094E+02,  4.780873E+01, 256.053597,  46.908093,  90.000000
 31844.01250000,  7.336635E+02,  4.981521E+01, 258.912487,  48.735444,  90.000000
 31844.01319444,  7.796769E+02,  5.168969E+01, 261.956957,  50.594047,  90.000000
 31844.01388889,  8.265186E+02,  5.342551E+01, 265.195511,  52.472054,  90.000000
 31844.01458333,  8.740657E+02,  5.501591E+01, 268.633305,  54.359708,  90.000000
 31844.01527778,  9.222021E+02,  5.645425E+01, 272.270860,  56.249022,  90.000000
 31844.01597222,  9.708181E+02,  5.773418E+01, 276.102718,  58.133505,  90.000000
 31844.01666667,  1.019809E+03,  5.884999E+01, 280.116173,  60.007911,  90.000000
 31844.01736111,  1.069076E+03,  5.979700E+01, 284.290372,  61.868034,  90.000000
 31844.01805556,  1.118524E+03,  6.057201E+01, 288.596020,  63.710530,  90.000000
 31844.01875000,  1.168066E+03,  6.117376E+01, 292.995963,  65.532767,  90.000000
 31844.01944444,  1.217616E+03,  6.160325E+01, 297.446765,  67.332704,  90.000000
 31844.02013889,  1.267097E+03,  6.186394E+01, 301.901181,  69.108787,  90.000000
 31844.02083333,  1.316434E+03,  6.196183E+01, 306.311235,  70.859868,  90.000000
 31844.02152778,  1.365560E+03,  6.190515E+01, 310.631411,  72.585128,  90.000000
 31844.02222222,  1.414409E+03,  6.170409E+01, 314.821452,  74.284028,  90.000000
 31844.02291667,  1.462924E+03,  6.137020E+01, 318.848364,  75.956253,  90.000000
 31844.02361111,  1.511048E+03,  6.091587E+01, 322.687446,  77.601674,  90.000000
 31844.02430556,  1.558731E+03,  6.035377E+01, 326.322364,  79.220317,  90.000000
 31844.02500000,  1.605926E+03,  5.969641E+01, 329.744491,  80.812331,  90.000000
 31844.02569444,  1.652591E+03,  5.895573E+01, 332.951764,  82.377968,  90.000000
 31844.02638889,  1.698684E+03,  5.814289E+01, 335.947341,  83.917559,  90.000000
 31844.02708333,  1.744170E+03,  5.726810E+01, 338.738250,  85.431500,  90.000000
 31844.02777778,  1.789015E+03,  5.634055E+01, 341.334178,  86.920237,  90.000000
 31844.02847222,  1.833187E+03,  5.536840E+01, 343.746455,  88.384255,  90.000000
 31844.02916667,  1.876657E+03,  5.435884E+01, 345.987254,  89.824066,  90.000000
 31844.02986111,  1.919400E+03,  5.331815E+01, 348.068995,  91.240203,  90.000000
 31844.03055556,  1.961390E+03,  5.225176E+01, 350.003922,  92.633210,  90.000000
 31844.03125000,  2.002605E+03,  5.116436E+01, 351.803817,  94.003639,  90.000000
 31844.03194444,  2.043024E+03,  5.005997E+01, 353.479829,  95.352042,  90.000000
 31844.03263889,  2.082628E+03,  4.894205E+01, 355.042372,  96.678969,  90.000000
 31844.03333333,  2.121399E+03,  4.781352E+01, 356.501085,  97.984962,  90.000000
 31844.03402778,  2.159319E+03,  4.667689E+01, 357.864835,  99.270558,  90.000000
 31844.03472222,  2.196375E+03,  4.553427E+01, 359.141734, 100.536276,  90.000000
 31844.03541667,  2.232551E+03,  4.438745E+01,   0.339182, 101.782625,  90.000000
 31844.03611111,  2.267835E+03,  4.323793E+01,   1.463910, 103.010098,  90.000000
 31844.03680556,  2.302214E+03,  4.208698E+01,   2.522038, 104.219170,  90.000000
 31844.03750000,  2.335677E+03,  4.093565E+01,   3.519121, 105.410299,  90.000000
 31844.03819444,  2.368213E+03,  3.978483E+01,   4.460204, 106.583921,  90.000000
 31844.03888889,  2.399813E+03,  3.863522E+01,   5.349866, 107.740455,  90.000000
 31844.03958333,  2.430467E+03,  3.748742E+01,   6.192271, 108.880297,  90.000000
 31844.04027778,  2.460167E+03,  3.634191E+01,   6.991204, 110.003824,  90.000000
 31844.04097222,  2.488906E+03,  3.519906E+01,   7.750112, 111.111388,  90.000000
 31844.04166667,  2.516675E+03,  3.405915E+01,   8.472137, 112.203320,  90.000000
 31844.04236111,  2.543469E+03,  3.292243E+01,   9.160150, 113.279929,  90.000000
 31844.04305556,  2.569281E+03,  3.178902E+01,   9.816775, 114.341498,  90.000000
 31844.04375000,  2.594105E+03,  3.065905E+01,  10.444415, 115.388289,  90.000000
 31844.04444444,  2.617937E+03,  2.953257E+01,  11.045277, 116.420538,  90.000000
 31844.04513889,  2.640770E+03,  2.840958E+01,  11.621391, 117.438456,  90.000000
 31844.04583333,  2.662601E+03,  2.729008E+01,  12.174627, 118.442229,  90.000000
 31844.04652778,  2.683425E+03,  2.617400E+01,  12.706709, 119.432017,  90.000000
 31844.04722222,  2.703239E+03,  2.506128E+01,  13.219237, 120.407954,  90.000000
 31844.04791667,  2.722038E+03,  2.395182E+01,  13.713690, 121.370145,  90.000000
 31844.04861111,  2.739820E+03,  2.284549E+01,  14.191446, 122.318667,  90.000000
 31844.04930556,  2.756581E+03,  2.174215E+01,  14.653788, 123.253570,  90.000000
 31844.05000000,  2.772319E+03,  2.064167E+01,  15.101915, 124.174873,  90.000000
 31844.05069444,  2.787032E+03,  1.954387E+01,  15.536948, 125.082563,  90.000000
 31844.05138889,  2.800716E+03,  1.844858E+01,  15.959942, 125.976595,  90.000000
 31844.05208333,  2.813369E+03,  1.735562E+01,  16.371888, 126.856893,  90.000000
 31844.05277778,  2.824991E+03,  1.626478E+01,  16.773724, 127.723343,  90.000000
 31844.05347222,  2.835578E+03,  1.517587E+01,  17.166338, 128.575796,  90.000000
 31844.05416667,  2.845130E+03,  1.408869E+01,  17.550572, 129.414068,  90.000000
 31844.05486111,  2.853644E+03,  1.300302E+01,  17.927231, 130.237932,  90.000000
 31844.05555556,  2.861121E+03,  1.191864E+01,  18.297083, 131.047123,  90.000000
 31844.05625000,  2.867558E+03,  1.083532E+01,  18.660866, 131.841330,  90.000000
 31844.05694444,  2.872955E+03,  9.752850E+00,  19.019291, 132.620201,  90.000000
 31844.05763889,  2.877311E+03,  8.670990E+00,  19.373044, 133.383337,  90.000000
 31844.05833333,  2.880625E+03,  7.589509E+00,  19.722793, 134.130287,  90.000000
 31844.05902778,  2.882897E+03,  6.508170E+00,  20.069187, 134.860555,  90.000000
 31844.05972222,  2.884126E+03,  5.426736E+00,  20.412861, 135.573589,  90.000000
 31844.06041667,  2.884312E+03,  4.344965E+00,  20.754440, 136.268784,  90.000000
 31844.06111111,  2.883455E+03,  3.262616E+00,  21.094539, 136.945480,  90.000000
 31844.06180556,  2.881555E+03,  2.179444E+00,  21.433770, 137.602960,  90.000000
 31844.06250000,  2.878612E+03,  1.095203E+00,  21.772738, 138.240446,  90.000000
 31844.06319444,  2.874626E+03,  9.646602E-03,  22.112051, 138.857104,  90.000000
 31844.06388889,  2.869597E+03, -1.077475E+00,  22.452317, 139.452036,  90.000000
 31844.06458333,  2.863527E+03, -2.166410E+00,  22.794150, 140.024286,  90.000000
 31844.06527778,  2.856415E+03, -3.257409E+00,  23.138173, 140.572838,  90.000000
 31844.06597222,  2.848262E+03, -4.350723E+00,  23.485016, 141.096617,  90.000000
 31844.06666667,  2.839070E+03, -5.446603E+00,  23.835326, 141.594491,  90.000000
 31844.06736111,  2.828839E+03, -6.545300E+00,  24.189764, 142.065274,  90.000000
 31844.06805556,  2.817571E+03, -7.647066E+00,  24.549012, 142.507731,  90.000000
 31844.06875000,  2.805267E+03, -8.752151E+00,  24.913774, 142.920581,  90.000000
 31844.06944444,  2.791929E+03, -9.860805E+00,  25.284781, 143.302505,  90.000000
 31844.07013889,  2.777558E+03, -1.097328E+01,  25.662794, 143.652151,  90.000000
 31844.07083333,  2.762157E+03, -1.208981E+01,  26.048610, 143.968146,  90.000000
 31844.07152778,  2.745728E+03, -1.321065E+01,  26.443064, 144.249103,  90.000000
 31844.07222222,  2.728273E+03, -1.433604E+01,  26.847035, 144.493632,  90.000000
 31844.07291667,  2.709795E+03, -1.546621E+01,  27.261452, 144.700353,  90.000000
 31844.07361111,  2.690296E+03, -1.660139E+01,  27.687299, 144.867909,  90.000000
 31844.07430556,  2.669782E+03, -1.774182E+01,  28.125623, 144.994977,  90.000000
 31844.07500000,  2.648254E+03, -1.888770E+01,  28.577539, 145.080280,  90.000000
 31844.07569444,  2.625717E+03, -2.003924E+01,  29.044240, 145.122605,  90.000000
 31844.07638889,  2.602175E+03, -2.119664E+01,  29.527005, 145.120810,  90.000000
 31844.07708333,  2.577632E+03, -2.236008E+01,  30.027208, 145.073835,  90.000000
 31844.07777778,  2.552095E+03, -2.352972E+01,  30.546334, 144.980716,  90.000000
 31844.07847222,  2.525569E+03, -2.470573E+01,  31.085984, 144.840588,  90.000000
 31844.07916667,  2.498058E+03, -2.588821E+01,  31.647895, 144.652692,  90.000000
 31844.07986111,  2.469572E+03, -2.707726E+01,  32.233954, 144.416379,  90.000000
 31844.08055556,  2.440115E+03, -2.827296E+01,  32.846214, 144.131111,  90.000000
 31844.08125000,  2.409696E+03, -2.947533E+01,  33.486918, 143.796454,  90.000000
 31844.08194444,  2.378324E+03, -3.068435E+01,  34.158518, 143.412082,  90.000000
 31844.08263889,  2.346008E+03, -3.189995E+01,  34.863702, 142.977764,  90.000000
 31844.08333333,  2.312757E+03, -3.312202E+01,  35.605426, 142.493358,  90.000000
 31844.08402778,  2.278582E+03, -3.435033E+01,  36.386940, 141.958801,  90.000000
 31844.08472222,  2.243495E+03, -3.558462E+01,  37.211833, 141.374096,  90.000000
 31844.08541667,  2.207508E+03, -3.682449E+01,  38.084070, 140.739302,  90.000000
 31844.08611111,  2.170634E+03, -3.806943E+01,  39.008039, 140.054520,  90.000000
 31844.08680556,  2.132889E+03, -3.931881E+01,  39.988607, 139.319881,  90.000000
 31844.08750000,  2.094289E+03, -4.057181E+01,  41.031177, 138.535533,  90.000000
 31844.08819444,  2.054849E+03, -4.182744E+01,  42.141751, 137.701627,  90.000000
 31844.08888889,  2.014590E+03, -4.308445E+01,  43.327006, 136.818311,  90.000000
 31844.08958333,  1.973530E+03, -4.434137E+01,  44.594367, 135.885713,  90.000000
 31844.09027778,  1.931691E+03, -4.559636E+01,  45.952091, 134.903939,  90.000000
 31844.09097222,  1.889097E+03, -4.684723E+01,  47.409346, 133.873057,  90.000000
 31844.09166667,  1.845772E+03, -4.809135E+01,  48.976296, 132.793097,  90.000000
 31844.09236111,  1.801744E+03, -4.932555E+01,  50.664164, 131.664042,  90.000000
 31844.09305556,  1.757042E+03, -5.054608E+01,  52.485287, 130.485824,  90.000000
 31844.09375000,  1.711697E+03, -5.174845E+01,  54.453122, 129.258323,  90.000000
 31844.09444444,  1.665744E+03, -5.292733E+01,  56.582202, 127.981360,  90.000000
 31844.09513889,  1.619219E+03, -5.407647E+01,  58.887996, 126.654705,  90.000000
 31844.09583333,  1.572162E+03, -5.518848E+01,  61.386631, 125.278069,  90.000000
 31844.09652778,  1.524616E+03, -5.625477E+01,  64.094433, 123.851112,  90.000000
 31844.09722222,  1.476627E+03, -5.726539E+01,  67.027217, 122.373442,  90.000000
 31844.09791667,  1.428245E+03, -5.820893E+01,  70.199261, 120.844625,  90.000000
 31844.09861111,  1.379523E+03, -5.907252E+01,  73.621922, 119.264183,  90.000000
 31844.09930556,  1.330520E+03, -5.984185E+01,  77.301880, 117.631611,  90.000000
 31844.10000000,  1.281297E+03, -6.050135E+01,  81.239085, 115.946374,  90.000000
 31844.10069444,  1.231923E+03, -6.103460E+01,  85.424595, 114.207929,  90.000000
 31844.10138889,  1.182468E+03, -6.142483E+01,  89.838656, 112.415730,  90.000000
 31844.10208333,  1.133009E+03, -6.165565E+01,  94.449499, 110.569244,  90.000000
 31844.10277778,  1.083630E+03, -6.171195E+01,  99.213365, 108.667968,  90.000000
 31844.10347222,  1.034416E+03, -6.158081E+01, 104.076175, 106.711449,  90.000000
 31844.10416667,  9.854618E+02, -6.125227E+01, 108.976860, 104.699307,  90.000000
 31844.10486111,  9.368641E+02, -6.071994E+01, 113.851978, 102.631262,  90.000000
 31844.10555556,  8.887255E+02, -5.998116E+01, 118.640781, 100.507172,  90.000000
 31844.10625000,  8.411528E+02, -5.903690E+01, 123.289759,  98.327066,  90.000000
 31844.10694444,  7.942567E+02, -5.789125E+01, 127.755883,  96.091199,  90.000000
 31844.10763889,  7.481508E+02, -5.655076E+01, 132.008141,  93.800114,  90.000000
 31844.10833333,  7.029519E+02, -5.502370E+01, 136.027468,  91.454705,  90.000000
 31844.10902778,  6.587788E+02, -5.331938E+01, 139.805462,  89.056315,  90.000000
 31844.10972222,  6.157527E+02, -5.144759E+01, 143.342418,  86.606829,  90.000000
 31844.11041667,  5.739976E+02, -4.941817E+01, 146.645145,  84.108797,  90.000000
 31844.11111111,  5.336414E+02, -4.724080E+01, 149.724917,  81.565564,  90.000000
 31844.11180556,  4.948181E+02, -4.492487E+01, 152.595735,  78.981415,  90.000000
 31844.11250000,  4.576703E+02, -4.247952E+01, 155.272976,  76.361723,  90.000000
 31844.11319444,  4.223534E+02, -3.991364E+01, 157.772410,  73.713095,  90.000000
 31844.11388889,  3.890393E+02, -3.723604E+01, 160.109560,  71.043511,  90.000000
 31844.11458333,  3.579203E+02, -3.445556E+01, 162.299312,  68.362435,  90.000000
 31844.11527778,  3.292121E+02, -3.158115E+01, 164.355744,  65.680893,  90.000000
 31844.11597222,  3.031546E+02, -2.862203E+01, 166.292091,  63.011515,  90.000000
 31844.11666667,  2.800092E+02, -2.558764E+01, 168.120818,  60.368528,  90.000000
 31844.11736111,  2.600529E+02, -2.248776E+01, 169.853749,  57.767714,  90.000000
 31844.11805556,  2.435672E+02, -1.933238E+01, 171.502214,  55.226331,  90.000000
 31844.11875000,  2.308235E+02, -1.613172E+01, 173.077198,  52.763012,  90.000000
 31844.11944444,  2.220660E+02, -1.289612E+01, 174.589449,  50.397651,  90.000000
 31844.12013889,  2.174933E+02, -9.635945E+00, 176.049555,  48.151255,  90.000000
 31844.12083333,  2.172427E+02, -6.361571E+00, 177.467950,  46.045759,  90.000000
 31844.12152778,  2.213776E+02, -3.083269E+00, 178.854893,  44.103733,  90.000000
 31844.12222222,  2.298826E+02,  1.888442E-01, 180.220400,  42.347911,  90.000000
 31844.12291667,  2.426641E+02,  3.444868E+00, 181.574174,  40.800489,  90.000000
 31844.12361111,  2.595587E+02,  6.675202E+00, 182.925531,  39.482121,  90.000000
 31844.12430556,  2.803461E+02,  9.870630E+00, 184.283366,  38.410644,  90.000000
 31844.12500000,  3.047647E+02,  1.302241E+01, 185.656149,  37.599655,  90.000000
 31844.12569444,  3.325290E+02,  1.612240E+01, 187.051966,  37.057148,  90.000000
 31844.12638889,  3.633437E+02,  1.916307E+01, 188.478603,  36.784505,  90.000000
 31844.12708333,  3.969171E+02,  2.213763E+01, 189.943653,  36.776097,  90.000000
 31844.12777778,  4.329695E+02,  2.504002E+01, 191.454646,  37.019633,  90.000000
 31844.12847222,  4.712387E+02,  2.786490E+01, 193.019182,  37.497201,  90.000000
 31844.12916667,  5.114831E+02,  3.060759E+01, 194.645062,  38.186799,  90.000000
 31844.12986111,  5.534813E+02,  3.326402E+01, 196.340399,  39.064039,  90.000000
 31844.13055556,  5.970315E+02,  3.583058E+01, 198.113711,  40.103755,  90.000000
 31844.13125000,  6.419491E+02,  3.830405E+01, 199.973979,  41.281315,  90.000000
 31844.13194444,  6.880645E+02,  4.068145E+01, 201.930674,  42.573570,  90.000000
 31844.13263889,  7.352210E+02,  4.295991E+01, 203.993728,  43.959422,  90.000000
 31844.13333333,  7.832728E+02,  4.513657E+01, 206.173453,  45.420108,  90.000000
 31844.13402778,  8.320834E+02,  4.720848E+01, 208.480395,  46.939246,  90.000000
 31844.13472222,  8.815246E+02,  4.917249E+01, 210.925084,  48.502742,  90.000000
 31844.13541667,  9.314757E+02,  5.102520E+01, 213.517696,  50.098607,  90.000000
 31844.13611111,  9.818227E+02,  5.276293E+01, 216.267575,  51.716740,  90.000000
 31844.13680556,  1.032458E+03,  5.438171E+01, 219.182626,  53.348690,  90.000000
 31844.13750000,  1.083282E+03,  5.587735E+01, 222.268560,  54.987438,  90.000000
 31844.13819444,  1.134197E+03,  5.724546E+01, 225.528012,  56.627188,  90.000000
 31844.13888889,  1.185117E+03,  5.848169E+01, 228.959582,  58.263187,  90.000000
 31844.13958333,  1.235956E+03,  5.958186E+01, 232.556878,  59.891557,  90.000000
 31844.14027778,  1.286639E+03,  6.054225E+01, 236.307696,  61.509163,  90.000000
 31844.14097222,  1.337092E+03,  6.135990E+01, 240.193489,  63.113492,  90.000000
 31844.14166667,  1.387248E+03,  6.203290E+01, 244.189314,  64.702552,  90.000000
 31844.14236111,  1.437046E+03,  6.256073E+01, 248.264374,  66.274786,  90.000000
 31844.14305556,  1.486428E+03,  6.294445E+01, 252.383223,  67.829002,  90.000000
 31844.14375000,  1.535340E+03,  6.318686E+01, 256.507557,  69.364311,  90.000000
 31844.14444444,  1.583735E+03,  6.329253E+01, 260.598401,  70.880077,  90.000000
 31844.14513889,  1.631566E+03,  6.326763E+01, 264.618376,  72.375873,  90.000000
 31844.14583333,  1.678792E+03,  6.311977E+01, 268.533747,  73.851448,  90.000000
 31844.14652778,  1.725374E+03,  6.285760E+01, 272.315980,  75.306690,  90.000000
 31844.14722222,  1.771278E+03,  6.249049E+01, 275.942663,  76.741610,  90.000000
 31844.14791667,  1.816470E+03,  6.202812E+01, 279.397778,  78.156311,  90.000000
 31844.14861111,  1.860921E+03,  6.148020E+01, 282.671423,  79.550977,  90.000000
 31844.14930556,  1.904604E+03,  6.085614E+01, 285.759139,  80.925854,  90.000000
 31844.15000000,  1.947492E+03,  6.016489E+01, 288.661014,  82.281239,  90.000000
 31844.15069444,  1.989563E+03,  5.941474E+01, 291.380717,  83.617466,  90.000000
 31844.15138889,  2.030795E+03,  5.861333E+01, 293.924569,  84.934902,  90.000000
 31844.15208333,  2.071168E+03,  5.776751E+01, 296.300717,  86.233935,  90.000000
 31844.15277778,  2.110663E+03,  5.688345E+01, 298.518445,  87.514970,  90.000000
 31844.15347222,  2.149266E+03,  5.596659E+01, 300.587633,  88.778422,  90.000000
 31844.15416667,  2.186958E+03,  5.502174E+01, 302.518339,  90.024714,  90.000000
 31844.15486111,  2.223728E+03,  5.405307E+01, 304.320501,  91.254270,  90.000000
 31844.15555556,  2.259560E+03,  5.306427E+01, 306.003729,  92.467513,  90.000000
 31844.15625000,  2.294444E+03,  5.205848E+01, 307.577174,  93.664863,  90.000000
 31844.15694444,  2.328368E+03,  5.103847E+01, 309.049447,  94.846736,  90.000000
 31844.15763889,  2.361321E+03,  5.000658E+01, 310.428581,  96.013539,  90.000000
 31844.15833333,  2.393295E+03,  4.896486E+01, 311.722022,  97.165671,  90.000000
 31844.15902778,  2.424281E+03,  4.791504E+01, 312.936637,  98.303518,  90.000000
 31844.15972222,  2.454270E+03,  4.685862E+01, 314.078742,  99.427459,  90.000000
 31844.16041667,  2.483256E+03,  4.579686E+01, 315.154127, 100.537858,  90.000000
 31844.16111111,  2.511231E+03,  4.473085E+01, 316.168093, 101.635066,  90.000000
 31844.16180556,  2.538189E+03,  4.366148E+01, 317.125488, 102.719421,  90.000000
 31844.16250000,  2.564125E+03,  4.258953E+01, 318.030745, 103.791247,  90.000000
 31844.16319444,  2.589033E+03,  4.151564E+01, 318.887918, 104.850852,  90.000000
 31844.16388889,  2.612909E+03,  4.044033E+01, 319.700713, 105.898531,  90.000000
 31844.16458333,  2.635748E+03,  3.936404E+01, 320.472521, 106.934560,  90.000000
 31844.16527778,  2.657545E+03,  3.828712E+01, 321.206449, 107.959203,  90.000000
 31844.16597222,  2.678298E+03,  3.720985E+01, 321.905344, 108.972705,  90.000000
 31844.16666667,  2.698002E+03,  3.613245E+01, 322.571823, 109.975293,  90.000000
 31844.16736111,  2.716655E+03,  3.505506E+01, 323.208288, 110.967181,  90.000000
 31844.16805556,  2.734254E+03,  3.397781E+01, 323.816952, 111.948561,  90.000000
 31844.16875000,  2.750796E+03,  3.290076E+01, 324.399855, 112.919608,  90.000000
 31844.16944444,  2.766279E+03,  3.182393E+01, 324.958881, 113.880480,  90.000000
 31844.17013889,  2.780701E+03,  3.074733E+01, 325.495776, 114.831315,  90.000000
 31844.17083333,  2.794059E+03,  2.967091E+01, 326.012157, 115.772229,  90.000000
 31844.17152778,  2.806353E+03,  2.859463E+01, 326.509524, 116.703320,  90.000000
 31844.17222222,  2.817579E+03,  2.751840E+01, 326.989278, 117.624663,  90.000000
 31844.17291667,  2.827738E+03,  2.644211E+01, 327.452723, 118.536313,  90.000000
 31844.17361111,  2.836828E+03,  2.536564E+01, 327.901080, 119.438298,  90.000000
 31844.17430556,  2.844847E+03,  2.428886E+01, 328.335492, 120.330626,  90.000000
 31844.17500000,  2.851794E+03,  2.321162E+01, 328.757035, 121.213277,  90.000000
 31844.17569444,  2.857670E+03,  2.213374E+01, 329.166722, 122.086205,  90.000000
 31844.17638889,  2.862473E+03,  2.105505E+01, 329.565510, 122.949337,  90.000000
 31844.17708333,  2.866202E+03,  1.997536E+01, 329.954306, 123.802568,  90.000000
 31844.17777778,  2.868858E+03,  1.889446E+01, 330.333972, 124.645765,  90.000000
 31844.17847222,  2.870439E+03,  1.781216E+01, 330.705329, 125.478761,  90.000000
 31844.17916667,  2.870945E+03,  1.672822E+01, 331.069163, 126.301354,  90.000000
 31844.17986111,  2.870377E+03,  1.564243E+01, 331.426229, 127.113304,  90.000000
 31844.18055556,  2.868735E+03,  1.455456E+01, 331.777252, 127.914334,  90.000000
 31844.18125000,  2.866018E+03,  1.346435E+01, 332.122935, 128.704124,  90.000000
 31844.18194444,  2.862226E+03,  1.237156E+01, 332.463960, 129.482312,  90.000000
 31844.18263889,  2.857361E+03,  1.127593E+01, 332.800989, 130.248487,  90.000000
 31844.18333333,  2.851422E+03,  1.017722E+01, 333.134673, 131.002189,  90.000000
 31844.18402778,  2.844411E+03,  9.075135E+00, 333.465650, 131.742906,  90.000000
 31844.18472222,  2.836327E+03,  7.969416E+00, 333.794547, 132.470070,  90.000000
 31844.18541667,  2.827172E+03,  6.859782E+00, 334.121990, 133.183054,  90.000000
 31844.18611111,  2.816947E+03,  5.745946E+00, 334.448598, 133.881170,  90.000000
 31844.18680556,  2.805653E+03,  4.627617E+00, 334.774993, 134.563662,  90.000000
 31844.18750000,  2.793291E+03,  3.504499E+00, 335.101797, 135.229708,  90.000000
 31844.18819444,  2.779863E+03,  2.376290E+00, 335.429640, 135.878410,  90.000000
 31844.18888889,  2.765371E+03,  1.242682E+00, 335.759160, 136.508799,  90.000000
 31844.18958333,  2.749816E+03,  1.033630E-01, 336.091007, 137.119824,  90.000000
 31844.19027778,  2.733201E+03, -1.041985E+00, 336.425844, 137.710356,  90.000000
 31844.19097222,  2.715528E+03, -2.193685E+00, 336.764355, 138.279182,  90.000000
 31844.19166667,  2.696800E+03, -3.352065E+00, 337.107245, 138.825004,  90.000000
 31844.19236111,  2.677020E+03, -4.517457E+00, 337.455246, 139.346440,  90.000000
 31844.19305556,  2.656190E+03, -5.690197E+00, 337.809117, 139.842022,  90.000000
 31844.19375000,  2.634316E+03, -6.870625E+00, 338.169655, 140.310200,  90.000000
 31844.19444444,  2.611399E+03, -8.059087E+00, 338.537695, 140.749342,  90.000000
 31844.19513889,  2.587446E+03, -9.255928E+00, 338.914117, 141.157737,  90.000000
 31844.19583333,  2.562460E+03, -1.046150E+01, 339.299854, 141.533605,  90.000000
 31844.19652778,  2.536447E+03, -1.167615E+01, 339.695893, 141.875102,  90.000000
 31844.19722222,  2.509412E+03, -1.290023E+01, 340.103290, 142.180327,  90.000000
 31844.19791667,  2.481362E+03, -1.413409E+01, 340.523171, 142.447337,  90.000000
 31844.19861111,  2.452304E+03, -1.537809E+01, 340.956748, 142.674158,  90.000000
 31844.19930556,  2.422245E+03, -1.663256E+01, 341.405324, 142.858799,  90.000000
 31844.20000000,  2.391193E+03, -1.789784E+01, 341.870307, 142.999269,  90.000000
 31844.20069444,  2.359156E+03, -1.917427E+01, 342.353224, 143.093596,  90.000000
 31844.20138889,  2.326146E+03, -2.046216E+01, 342.855735, 143.139842,  90.000000
 31844.20208333,  2.292171E+03, -2.176182E+01, 343.379652, 143.136125,  90.000000
 31844.20277778,  2.257244E+03, -2.307354E+01, 343.926958, 143.080631,  90.000000
 31844.20347222,  2.221377E+03, -2.439757E+01, 344.499827, 142.971639,  90.000000
 31844.20416667,  2.184583E+03, -2.573414E+01, 345.100656, 142.807530,  90.000000
 31844.20486111,  2.146878E+03, -2.708345E+01, 345.732091, 142.586803,  90.000000
 31844.20555556,  2.108276E+03, -2.844564E+01, 346.397060, 142.308084,  90.000000
 31844.20625000,  2.068795E+03, -2.982079E+01, 347.098821, 141.970133,  90.000000
 31844.20694444,  2.028455E+03, -3.120894E+01, 347.841001, 141.571847,  90.000000
 31844.20763889,  1.987274E+03, -3.260999E+01, 348.627653, 141.112263,  90.000000
 31844.20833333,  1.945275E+03, -3.402379E+01, 349.463320, 140.590549,  90.000000
 31844.20902778,  1.902482E+03, -3.545002E+01, 350.353110, 140.006002,  90.000000
 31844.20972222,  1.858920E+03, -3.688824E+01, 351.302774, 139.358034,  90.000000
 31844.21041667,  1.814616E+03, -3.833779E+01, 352.318817, 138.646163,  90.000000
 31844.21111111,  1.769599E+03, -3.979779E+01, 353.408601, 137.869998,  90.000000
 31844.21180556,  1.723903E+03, -4.126709E+01, 354.580486, 137.029220,  90.000000
 31844.21250000,  1.677561E+03, -4.274419E+01, 355.843979, 136.123576,  90.000000
 31844.21319444,  1.630609E+03, -4.422717E+01, 357.209907, 135.152852,  90.000000
 31844.21388889,  1.583088E+03, -4.571363E+01, 358.690610, 134.116867,  90.000000
 31844.21458333,  1.535039E+03, -4.720053E+01,   0.300153, 133.015456,  90.000000
 31844.21527778,  1.486507E+03, -4.868407E+01,   2.054546, 131.848458,  90.000000
 31844.21597222,  1.437542E+03, -5.015957E+01,   3.971961, 130.615710,  90.000000
 31844.21666667,  1.388194E+03, -5.162122E+01,   6.072923, 129.317035,  90.000000
 31844.21736111,  1.338519E+03, -5.306186E+01,   8.380428, 127.952242,  90.000000
 31844.21805556,  1.288576E+03, -5.447274E+01,  10.919914, 126.521121,  90.000000
 31844.21875000,  1.238428E+03, -5.584318E+01,  13.718999, 125.023448,  90.000000
 31844.21944444,  1.188142E+03, -5.716027E+01,  16.806808, 123.458988,  90.000000
 31844.22013889,  1.137789E+03, -5.840850E+01,  20.212698, 121.827502,  90.000000
 31844.22083333,  1.087446E+03, -5.956955E+01,  23.964144, 120.128762,  90.000000
 31844.22152778,  1.037194E+03, -6.062212E+01,  28.083519, 118.362562,  90.000000
 31844.22222222,  9.871200E+02, -6.154203E+01,  32.583673, 116.528741,  90.000000
 31844.22291667,  9.373175E+02, -6.230272E+01,  37.462481, 114.627203,  90.000000
 31844.22361111,  8.878855E+02, -6.287629E+01,  42.697101, 112.657944,  90.000000
 31844.22430556,  8.389301E+02, -6.323511E+01,  48.239379, 110.621083,  90.000000
 31844.22500000,  7.905645E+02, -6.335392E+01,  54.014389, 108.516896,  90.000000
 31844.22569444,  7.429096E+02, -6.321215E+01,  59.923901, 106.345856,  90.000000
 31844.22638889,  6.960941E+02, -6.279595E+01,  65.855287, 104.108678,  90.000000
 31844.22708333,  6.502544E+02, -6.209938E+01,  71.694258, 101.806366,  90.000000
 31844.22777778,  6.055349E+02, -6.112447E+01,  77.338075,  99.440274,  90.000000
 31844.22847222,  5.620879E+02, -5.988022E+01,  82.705623,  97.012163,  90.000000
 31844.22916667,  5.200728E+02, -5.838091E+01,  87.742243,  94.524273,  90.000000
 31844.22986111,  4.796559E+02, -5.664415E+01,  92.419343,  91.979398,  90.000000
 31844.23055556,  4.410098E+02, -5.468915E+01,  96.730394,  89.380966,  90.000000
 31844.23125000,  4.043131E+02, -5.253546E+01, 100.685327,  86.733122,  90.000000
 31844.23194444,  3.697494E+02, -5.020209E+01, 104.304943,  84.040810,  90.000000
 31844.23263889,  3.375072E+02, -4.770715E+01, 107.616246,  81.309844,  90.000000
 31844.23333333,  3.077797E+02, -4.506773E+01, 110.648983,  78.546966,  90.000000
 31844.23402778,  2.807634E+02, -4.229995E+01, 113.433339,  75.759884,  90.000000
 31844.23472222,  2.566574E+02, -3.941911E+01, 115.998532,  72.957279,  90.000000
 31844.23541667,  2.356605E+02, -3.643989E+01, 118.372075,  70.148790,  90.000000
 31844.23611111,  2.179669E+02, -3.337649E+01, 120.579453,  67.344971,  90.000000
 31844.23680556,  2.037601E+02, -3.024268E+01, 122.644065,  64.557241,  90.000000
 31844.23750000,  1.932049E+02, -2.705188E+01, 124.587286,  61.797844,  90.000000
 31844.23819444,  1.864373E+02, -2.381711E+01, 126.428572,  59.079841,  90.000000
 31844.23888889,  1.835549E+02, -2.055096E+01, 128.185579,  56.417143,  90.000000
 31844.23958333,  1.846071E+02, -1.726549E+01, 129.874257,  53.824613,  90.000000
 31844.24027778,  1.895893E+02, -1.397220E+01, 131.508918,  51.318204,  90.000000
 31844.24097222,  1.984400E+02, -1.068195E+01, 133.102314,  48.915120,  90.000000
 31844.24166667,  2.110432E+02, -7.404979E+00, 134.665702,  46.633936,  90.000000
 31844.24236111,  2.272354E+02, -4.150837E+00, 136.208953,  44.494609,  90.000000
 31844.24305556,  2.468160E+02, -9.284272E-01, 137.740678,  42.518301,  90.000000
 31844.24375000,  2.695608E+02,  2.254017E+00, 139.268391,  40.726928,  90.000000
 31844.24444444,  2.952346E+02,  5.388929E+00, 140.798705,  39.142374,  90.000000
 31844.24513889,  3.236035E+02,  8.469417E+00, 142.337534,  37.785356,  90.000000
 31844.24583333,  3.544437E+02,  1.148927E+01, 143.890307,  36.673984,  90.000000
 31844.24652778,  3.875480E+02,  1.444296E+01, 145.462160,  35.822171,  90.000000
 31844.24722222,  4.227281E+02,  1.732563E+01, 147.058113,  35.238144,  90.000000
 31844.24791667,  4.598148E+02,  2.013305E+01, 148.683215,  34.923349,  90.000000
 31844.24861111,  4.986558E+02,  2.286159E+01, 150.342656,  34.872034,  90.000000
 31844.24930556,  5.391127E+02,  2.550812E+01, 152.041843,  35.071638,  90.000000
'End of File'
