MJD, Altitude, Latitude, Longitude, SPS, Alpha
 31844.00000000, 2.959000E+02, 0.000000E+00, 223.942534, 41.454815, 90.000000
 31844.00069444, 2.973985E+02, 3.130088E+00, 225.476447, 39.709827, 90.000000
 31844.00138889, 3.020085E+02, 6.250417E+00, 226.996981, 38.198281, 90.000000
 31844.00208333, 3.098685E+02, 9.353374E+00, 228.512791, 36.945469, 90.000000
 31844.00277778, 3.210614E+02, 1.243158E+01, 230.033157, 35.972713, 90.000000
 31844.00347222, 3.356069E+02, 1.547783E+01, 231.567918, 35.295454, 90.000000
 31844.00416667, 3.534606E+02, 1.848500E+01, 233.127374, 34.921537, 90.000000
 31844.00486111, 3.745187E+02, 2.144603E+01, 234.722182, 34.850109, 90.000000
 31844.00555556, 3.986279E+02, 2.435391E+01, 236.363272, 35.071461, 90.000000
 31844.00625000, 4.255985E+02, 2.720165E+01, 238.061786, 35.567922, 90.000000
 31844.00694444, 4.552175E+02, 2.998235E+01, 239.829058, 36.315601, 90.000000
 31844.00763889, 4.872614E+02, 3.268921E+01, 241.676612, 37.286598, 90.000000
 31844.00833333, 5.215063E+02, 3.531559E+01, 243.616189, 38.451228, 90.000000
 31844.00902778, 5.577360E+02, 3.785498E+01, 245.659770, 39.779914, 90.000000
 31844.00972222, 5.957466E+02, 4.030105E+01, 247.819579, 41.244590, 90.000000
 31844.01041667, 6.353489E+02, 4.264759E+01, 250.108041, 42.819580, 90.000000
 31844.01111111, 6.763691E+02, 4.488842E+01, 252.537667, 44.482042, 90.000000
 31844.01180556, 7.186476E+02, 4.701740E+01, 255.120822, 46.212082, 90.000000
 31844.01250000, 7.620379E+02, 4.902830E+01, 257.869365, 47.992654, 90.000000
 31844.01319444, 8.064044E+02, 5.091480E+01, 260.794104, 49.809339, 90.000000
 31844.01388889, 8.516209E+02, 5.267043E+01, 263.904064, 51.650056, 90.000000
 31844.01458333, 8.975689E+02, 5.428864E+01, 267.205538, 53.504768, 90.000000
 31844.01527778, 9.441366E+02, 5.576288E+01, 270.700970, 55.365194, 90.000000
 31844.01597222, 9.912177E+02, 5.708679E+01, 274.387707, 57.224538, 90.000000
 31844.01666667, 1.038711E+03, 5.825448E+01, 278.256784, 59.077262, 90.000000
 31844.01736111, 1.086522E+03, 5.926082E+01, 282.291909, 60.918875, 90.000000
 31844.01805556, 1.134557E+03, 6.010192E+01, 286.468908, 62.745766, 90.000000
 31844.01875000, 1.182731E+03, 6.077549E+01, 290.755865, 64.555054, 90.000000
 31844.01944444, 1.230962E+03, 6.128124E+01, 295.114125, 66.344466, 90.000000
 31844.02013889, 1.279171E+03, 6.162115E+01, 299.500191, 68.112233, 90.000000
 31844.02083333, 1.327288E+03, 6.179956E+01, 303.868325, 69.857008, 90.000000
 31844.02152778, 1.375242E+03, 6.182312E+01, 308.173503, 71.577792, 90.000000
 31844.02222222, 1.422972E+03, 6.170050E+01, 312.374246, 73.273876, 90.000000
 31844.02291667, 1.470417E+03, 6.144197E+01, 316.434924, 74.944790, 90.000000
 31844.02361111, 1.517523E+03, 6.105892E+01, 320.327234, 76.590265, 90.000000
 31844.02430556, 1.564237E+03, 6.056331E+01, 324.030775, 78.210197, 90.000000
 31844.02500000, 1.610514E+03, 5.996723E+01, 327.532830, 79.804614, 90.000000
 31844.02569444, 1.656310E+03, 5.928245E+01, 330.827554, 81.373658, 90.000000
 31844.02638889, 1.701583E+03, 5.852015E+01, 333.914827, 82.917561, 90.000000
 31844.02708333, 1.746296E+03, 5.769069E+01, 336.798995, 84.436627, 90.000000
 31844.02777778, 1.790415E+03, 5.680356E+01, 339.487655, 85.931220, 90.000000
 31844.02847222, 1.833908E+03, 5.586724E+01, 341.990588, 87.401746, 90.000000
 31844.02916667, 1.876745E+03, 5.488929E+01, 344.318881, 88.848651, 90.000000
 31844.02986111, 1.918899E+03, 5.387635E+01, 346.484241, 90.272401, 90.000000
 31844.03055556, 1.960345E+03, 5.283422E+01, 348.498495, 91.673487, 90.000000
 31844.03125000, 2.001059E+03, 5.176794E+01, 350.373227, 93.052405, 90.000000
 31844.03194444, 2.041021E+03, 5.068187E+01, 352.119549, 94.409663, 90.000000
 31844.03263889, 2.080208E+03, 4.957974E+01, 353.747949, 95.745767, 90.000000
 31844.03333333, 2.118604E+03, 4.846477E+01, 355.268221, 97.061223, 90.000000
 31844.03402778, 2.156191E+03, 4.733969E+01, 356.689428, 98.356530, 90.000000
 31844.03472222, 2.192953E+03, 4.620686E+01, 358.019911, 99.632180, 90.000000
 31844.03541667, 2.228874E+03, 4.506826E+01, 359.267309, 100.888654, 90.000000
 31844.03611111, 2.263942E+03, 4.392557E+01,  0.438596, 102.126418, 90.000000
 31844.03680556, 2.298143E+03, 4.278021E+01,  1.540129, 103.345928, 90.000000
 31844.03750000, 2.331466E+03, 4.163339E+01,  2.577693, 104.547620, 90.000000
 31844.03819444, 2.363899E+03, 4.048610E+01,  3.556550, 105.731916, 90.000000
 31844.03888889, 2.395431E+03, 3.933918E+01,  4.481483, 106.899218, 90.000000
 31844.03958333, 2.426055E+03, 3.819331E+01,  5.356845, 108.049912, 90.000000
 31844.04027778, 2.455759E+03, 3.704908E+01,  6.186597, 109.184360, 90.000000
 31844.04097222, 2.484537E+03, 3.590692E+01,  6.974348, 110.302909, 90.000000
 31844.04166667, 2.512380E+03, 3.476721E+01,  7.723391, 111.405881, 90.000000
 31844.04236111, 2.539282E+03, 3.363023E+01,  8.436731, 112.493578, 90.000000
 31844.04305556, 2.565235E+03, 3.249620E+01,  9.117117, 113.566280, 90.000000
 31844.04375000, 2.590233E+03, 3.136527E+01,  9.767069, 114.624244, 90.000000
 31844.04444444, 2.614271E+03, 3.023754E+01, 10.388895, 115.667705, 90.000000
 31844.04513889, 2.637344E+03, 2.911308E+01, 10.984721, 116.696874, 90.000000
 31844.04583333, 2.659445E+03, 2.799190E+01, 11.556503, 117.711937, 90.000000
 31844.04652778, 2.680572E+03, 2.687399E+01, 12.106045, 118.713056, 90.000000
 31844.04722222, 2.700719E+03, 2.575931E+01, 12.635017, 119.700367, 90.000000
 31844.04791667, 2.719882E+03, 2.464778E+01, 13.144965, 120.673980, 90.000000
 31844.04861111, 2.738058E+03, 2.353932E+01, 13.637327, 121.633977, 90.000000
 31844.04930556, 2.755244E+03, 2.243381E+01, 14.113438, 122.580415, 90.000000
 31844.05000000, 2.771437E+03, 2.133113E+01, 14.574547, 123.513319, 90.000000
 31844.05069444, 2.786632E+03, 2.023113E+01, 15.021820, 124.432685, 90.000000
 31844.05138889, 2.800829E+03, 1.913367E+01, 15.456352, 125.338480, 90.000000
 31844.05208333, 2.814025E+03, 1.803858E+01, 15.879172, 126.230636, 90.000000
 31844.05277778, 2.826217E+03, 1.694567E+01, 16.291250, 127.109054, 90.000000
 31844.05347222, 2.837403E+03, 1.585477E+01, 16.693504, 127.973600, 90.000000
 31844.05416667, 2.847582E+03, 1.476569E+01, 17.086803, 128.824101, 90.000000
 31844.05486111, 2.856753E+03, 1.367822E+01, 17.471976, 129.660349, 90.000000
 31844.05555556, 2.864912E+03, 1.259217E+01, 17.849812, 130.482096, 90.000000
 31844.05625000, 2.872060E+03, 1.150733E+01, 18.221069, 131.289053, 90.000000
 31844.05694444, 2.878196E+03, 1.042347E+01, 18.586474, 132.080886, 90.000000
 31844.05763889, 2.883317E+03, 9.340400E+00, 18.946728, 132.857219, 90.000000
 31844.05833333, 2.887424E+03, 8.257882E+00, 19.302511, 133.617628, 90.000000
 31844.05902778, 2.890515E+03, 7.175698E+00, 19.654481, 134.361639, 90.000000
 31844.05972222, 2.892591E+03, 6.093622E+00, 20.003283, 135.088730, 90.000000
 31844.06041667, 2.893650E+03, 5.011425E+00, 20.349547, 135.798325, 90.000000
 31844.06111111, 2.893693E+03, 3.928877E+00, 20.693894, 136.489793, 90.000000
 31844.06180556, 2.892719E+03, 2.845746E+00, 21.036936, 137.162450, 90.000000
 31844.06250000, 2.890729E+03, 1.761798E+00, 21.379281, 137.815552, 90.000000
 31844.06319444, 2.887721E+03, 6.767984E-01, 21.721534, 138.448298, 90.000000
 31844.06388889, 2.883698E+03, -4.094898E-01, 22.064301, 139.059827, 90.000000
 31844.06458333, 2.878659E+03, -1.497304E+00, 22.408189, 139.649221, 90.000000
 31844.06527778, 2.872604E+03, -2.586881E+00, 22.753814, 140.215499, 90.000000
 31844.06597222, 2.865534E+03, -3.678461E+00, 23.101796, 140.757625, 90.000000
 31844.06666667, 2.857451E+03, -4.772282E+00, 23.452771, 141.274504, 90.000000
 31844.06736111, 2.848355E+03, -5.868583E+00, 23.807384, 141.764986, 90.000000
 31844.06805556, 2.838247E+03, -6.967603E+00, 24.166300, 142.227873, 90.000000
 31844.06875000, 2.827129E+03, -8.069579E+00, 24.530203, 142.661916, 90.000000
 31844.06944444, 2.815002E+03, -9.174748E+00, 24.899802, 143.065829, 90.000000
 31844.07013889, 2.801868E+03, -1.028335E+01, 25.275830, 143.438289, 90.000000
 31844.07083333, 2.787729E+03, -1.139561E+01, 25.659054, 143.777947, 90.000000
 31844.07152778, 2.772587E+03, -1.251176E+01, 26.050275, 144.083438, 90.000000
 31844.07222222, 2.756444E+03, -1.363203E+01, 26.450332, 144.353387, 90.000000
 31844.07291667, 2.739303E+03, -1.475665E+01, 26.860112, 144.586428, 90.000000
 31844.07361111, 2.721167E+03, -1.588582E+01, 27.280549, 144.781207, 90.000000
 31844.07430556, 2.702038E+03, -1.701978E+01, 27.712635, 144.936401, 90.000000
 31844.07500000, 2.681921E+03, -1.815871E+01, 28.157421, 145.050731, 90.000000
 31844.07569444, 2.660819E+03, -1.930281E+01, 28.616032, 145.122969, 90.000000
 31844.07638889, 2.638736E+03, -2.045228E+01, 29.089667, 145.151958, 90.000000
 31844.07708333, 2.615677E+03, -2.160728E+01, 29.579615, 145.136620, 90.000000
 31844.07777778, 2.591645E+03, -2.276797E+01, 30.087257, 145.075964, 90.000000
 31844.07847222, 2.566648E+03, -2.393449E+01, 30.614085, 144.969101, 90.000000
 31844.07916667, 2.540690E+03, -2.510696E+01, 31.161710, 144.815244, 90.000000
 31844.07986111, 2.513777E+03, -2.628548E+01, 31.731875, 144.613717, 90.000000
 31844.08055556, 2.485917E+03, -2.747012E+01, 32.326475, 144.363955, 90.000000
 31844.08125000, 2.457116E+03, -2.866090E+01, 32.947571, 144.065505, 90.000000
 31844.08194444, 2.427383E+03, -2.985783E+01, 33.597409, 143.718021, 90.000000
 31844.08263889, 2.396725E+03, -3.106084E+01, 34.278445, 143.321260, 90.000000
 31844.08333333, 2.365152E+03, -3.226984E+01, 34.993371, 142.875076, 90.000000
 31844.08402778, 2.332674E+03, -3.348465E+01, 35.745138, 142.379408, 90.000000
 31844.08472222, 2.299302E+03, -3.470503E+01, 36.536993, 141.834271, 90.000000
 31844.08541667, 2.265046E+03, -3.593065E+01, 37.372513, 141.239745, 90.000000
 31844.08611111, 2.229921E+03, -3.716108E+01, 38.255644, 140.595960, 90.000000
 31844.08680556, 2.193938E+03, -3.839576E+01, 39.190749, 139.903087, 90.000000
 31844.08750000, 2.157113E+03, -3.963400E+01, 40.182656, 139.161324, 90.000000
 31844.08819444, 2.119461E+03, -4.087494E+01, 41.236714, 138.370880, 90.000000
 31844.08888889, 2.080999E+03, -4.211752E+01, 42.358854, 137.531972, 90.000000
 31844.08958333, 2.041745E+03, -4.336047E+01, 43.555657, 136.644804, 90.000000
 31844.09027778, 2.001719E+03, -4.460223E+01, 44.834421, 135.709566, 90.000000
 31844.09097222, 1.960942E+03, -4.584093E+01, 46.203240, 134.726420, 90.000000
 31844.09166667, 1.919437E+03, -4.707434E+01, 47.671069, 133.695493, 90.000000
 31844.09236111, 1.877227E+03, -4.829979E+01, 49.247799, 132.616874, 90.000000
 31844.09305556, 1.834340E+03, -4.951410E+01, 50.944308, 131.490607, 90.000000
 31844.09375000, 1.790803E+03, -5.071349E+01, 52.772494, 130.316685, 90.000000
 31844.09444444, 1.746648E+03, -5.189349E+01, 54.745270, 129.095052, 90.000000
 31844.09513889, 1.701907E+03, -5.304883E+01, 56.876494, 127.825598, 90.000000
 31844.09583333, 1.656615E+03, -5.417335E+01, 59.180809, 126.508160, 90.000000
 31844.09652778, 1.610811E+03, -5.525982E+01, 61.673355, 125.142524, 90.000000
 31844.09722222, 1.564536E+03, -5.629986E+01, 64.369301, 123.728425, 90.000000
 31844.09791667, 1.517834E+03, -5.728385E+01, 67.283142, 122.265552, 90.000000
 31844.09861111, 1.470751E+03, -5.820083E+01, 70.427717, 120.753552, 90.000000
 31844.09930556, 1.423341E+03, -5.903847E+01, 73.812905, 119.192035, 90.000000
 31844.10000000, 1.375657E+03, -5.978320E+01, 77.444002, 117.580581, 90.000000
 31844.10069444, 1.327758E+03, -6.042033E+01, 81.319859, 115.918749, 90.000000
 31844.10138889, 1.279708E+03, -6.093444E+01, 85.430974, 114.206084, 90.000000
 31844.10208333, 1.231574E+03, -6.130989E+01, 89.757829, 112.442135, 90.000000
 31844.10277778, 1.183429E+03, -6.153146E+01, 94.269907, 110.626457, 90.000000
 31844.10347222, 1.135351E+03, -6.158516E+01, 98.925828, 108.758638, 90.000000
 31844.10416667, 1.087420E+03, -6.145907E+01, 103.674904, 106.838307, 90.000000
 31844.10486111, 1.039723E+03, -6.114397E+01, 108.460165, 104.865161, 90.000000
 31844.10555556, 9.923527E+02, -6.063393E+01, 113.222467, 102.838988, 90.000000
 31844.10625000, 9.454036E+02, -5.992645E+01, 117.905010, 100.759695, 90.000000
 31844.10694444, 8.989756E+02, -5.902233E+01, 122.457423, 98.627345, 90.000000
 31844.10763889, 8.531720E+02, -5.792530E+01, 126.838725, 96.442195, 90.000000
 31844.10833333, 8.080990E+02, -5.664137E+01, 131.018824, 94.204755, 90.000000
 31844.10902778, 7.638656E+02, -5.517822E+01, 134.978595, 91.915840, 90.000000
 31844.10972222, 7.205829E+02, -5.354455E+01, 138.708843, 89.576648, 90.000000
 31844.11041667, 6.783640E+02, -5.174952E+01, 142.208620, 87.188844, 90.000000
 31844.11111111, 6.373243E+02, -4.980246E+01, 145.483288, 84.754656, 90.000000
 31844.11180556, 5.975824E+02, -4.771251E+01, 148.542658, 82.276990, 90.000000
 31844.11250000, 5.592612E+02, -4.548857E+01, 151.399371, 79.759545, 90.000000
 31844.11319444, 5.224901E+02, -4.313925E+01, 154.067611, 77.206948, 90.000000
 31844.11388889, 4.874081E+02, -4.067290E+01, 156.562144, 74.624878, 90.000000
 31844.11458333, 4.541666E+02, -3.809775E+01, 158.897665, 72.020190, 90.000000
 31844.11527778, 4.229329E+02, -3.542193E+01, 161.088378, 69.401029, 90.000000
 31844.11597222, 3.938931E+02, -3.265366E+01, 163.147781, 66.776912, 90.000000
 31844.11666667, 3.672533E+02, -2.980130E+01, 165.088590, 64.158791, 90.000000
 31844.11736111, 3.432392E+02, -2.687340E+01, 166.922764, 61.559077, 90.000000
 31844.11805556, 3.220921E+02, -2.387876E+01, 168.661596, 58.991634, 90.000000
 31844.11875000, 3.040623E+02, -2.082641E+01, 170.315837, 56.471746, 90.000000
 31844.11944444, 2.893983E+02, -1.772558E+01, 171.895829, 54.016056, 90.000000
 31844.12013889, 2.783339E+02, -1.458564E+01, 173.411624, 51.642493, 90.000000
 31844.12083333, 2.710731E+02, -1.141606E+01, 174.873075, 49.370178, 90.000000
 31844.12152778, 2.677758E+02, -8.226340E+00, 176.289881, 47.219300, 90.000000
 31844.12222222, 2.685449E+02, -5.025940E+00, 177.671607, 45.210916, 90.000000
 31844.12291667, 2.734183E+02, -1.824243E+00, 179.027647, 43.366639, 90.000000
 31844.12361111, 2.823655E+02, 1.369509E+00, 180.367189, 41.708143, 90.000000
 31844.12430556, 2.952898E+02, 4.546270E+00, 181.699152, 40.256412, 90.000000
 31844.12500000, 3.120364E+02, 7.697262E+00, 183.032145, 39.030734, 90.000000
 31844.12569444, 3.324031E+02, 1.081405E+01, 184.374447, 38.047449, 90.000000
 31844.12638889, 3.561542E+02, 1.388861E+01, 185.734013, 37.318614, 90.000000
 31844.12708333, 3.830339E+02, 1.691343E+01, 187.118523, 36.850775, 90.000000
 31844.12777778, 4.127790E+02, 1.988156E+01, 188.535451, 36.644123, 90.000000
 31844.12847222, 4.451285E+02, 2.278666E+01, 189.992167, 36.692248, 90.000000
 31844.12916667, 4.798316E+02, 2.562302E+01, 191.496045, 36.982577, 90.000000
 31844.12986111, 5.166520E+02, 2.838554E+01, 193.054583, 37.497432, 90.000000
 31844.13055556, 5.553703E+02, 3.106969E+01, 194.675510, 38.215488, 90.000000
 31844.13125000, 5.957841E+02, 3.367142E+01, 196.366890, 39.113354, 90.000000
 31844.13194444, 6.377074E+02, 3.618711E+01, 198.137198, 40.167039, 90.000000
 31844.13263889, 6.809692E+02, 3.861343E+01, 199.995367, 41.353139, 90.000000
 31844.13333333, 7.254110E+02, 4.094726E+01, 201.950808, 42.649677, 90.000000
 31844.13402778, 7.708858E+02, 4.318553E+01, 204.013378, 44.036625, 90.000000
 31844.13472222, 8.172560E+02, 4.532519E+01, 206.193293, 45.496136, 90.000000
 31844.13541667, 8.643924E+02, 4.736304E+01, 208.500972, 47.012597, 90.000000
 31844.13611111, 9.121731E+02, 4.929571E+01, 210.946795, 48.572534, 90.000000
 31844.13680556, 9.604828E+02, 5.111956E+01, 213.540749, 50.164448, 90.000000
 31844.13750000, 1.009213E+03, 5.283070E+01, 216.291958, 51.778609, 90.000000
 31844.13819444, 1.058260E+03, 5.442495E+01, 219.208067, 53.406849, 90.000000
 31844.13888889, 1.107526E+03, 5.589788E+01, 222.294495, 55.042351, 90.000000
 31844.13958333, 1.156921E+03, 5.724497E+01, 225.553559, 56.679460, 90.000000
 31844.14027778, 1.206357E+03, 5.846168E+01, 228.983528, 58.313514, 90.000000
 31844.14097222, 1.255754E+03, 5.954369E+01, 232.577684, 59.940690, 90.000000
 31844.14166667, 1.305036E+03, 6.048719E+01, 236.323535, 61.557877, 90.000000
 31844.14236111, 1.354132E+03, 6.128910E+01, 240.202314, 63.162564, 90.000000
 31844.14305556, 1.402977E+03, 6.194745E+01, 244.188958, 64.752744, 90.000000
 31844.14375000, 1.451509E+03, 6.246165E+01, 248.252681, 66.326835, 90.000000
 31844.14444444, 1.499672E+03, 6.283270E+01, 252.358191, 67.883610, 90.000000
 31844.14513889, 1.547412E+03, 6.306335E+01, 256.467480, 69.422141, 90.000000
 31844.14583333, 1.594681E+03, 6.315811E+01, 260.541976, 70.941747, 90.000000
 31844.14652778, 1.641434E+03, 6.312308E+01, 264.544782, 72.441956, 90.000000
 31844.14722222, 1.687629E+03, 6.296580E+01, 268.442663, 73.922469, 90.000000
 31844.14791667, 1.733228E+03, 6.269483E+01, 272.207564, 75.383130, 90.000000
 31844.14861111, 1.778195E+03, 6.231944E+01, 275.817487, 76.823904, 90.000000
 31844.14930556, 1.822497E+03, 6.184924E+01, 279.256742, 78.244851, 90.000000
 31844.15000000, 1.866104E+03, 6.129384E+01, 282.515662, 79.646111, 90.000000
 31844.15069444, 1.908988E+03, 6.066258E+01, 285.589932, 81.027891, 90.000000
 31844.15138889, 1.951122E+03, 5.996432E+01, 288.479707, 82.390449, 90.000000
 31844.15208333, 1.992484E+03, 5.920731E+01, 291.188658, 83.734084, 90.000000
 31844.15277778, 2.033051E+03, 5.839912E+01, 293.723065, 85.059128, 90.000000
 31844.15347222, 2.072802E+03, 5.754659E+01, 296.090999, 86.365938, 90.000000
 31844.15416667, 2.111719E+03, 5.665583E+01, 298.301655, 87.654887, 90.000000
 31844.15486111, 2.149784E+03, 5.573227E+01, 300.364810, 88.926365, 90.000000
 31844.15555556, 2.186982E+03, 5.478069E+01, 302.290420, 90.180766, 90.000000
 31844.15625000, 2.223297E+03, 5.380529E+01, 304.088322, 91.418490, 90.000000
 31844.15694444, 2.258716E+03, 5.280971E+01, 305.768035, 92.639938, 90.000000
 31844.15763889, 2.293225E+03, 5.179713E+01, 307.338620, 93.845508, 90.000000
 31844.15833333, 2.326814E+03, 5.077028E+01, 308.808612, 95.035595, 90.000000
 31844.15902778, 2.359472E+03, 4.973155E+01, 310.185972, 96.210587, 90.000000
 31844.15972222, 2.391188E+03, 4.868296E+01, 311.478085, 97.370866, 90.000000
 31844.16041667, 2.421953E+03, 4.762628E+01, 312.691764, 98.516801, 90.000000
 31844.16111111, 2.451759E+03, 4.656299E+01, 313.833276, 99.648755, 90.000000
 31844.16180556, 2.480598E+03, 4.549438E+01, 314.908368, 100.767077, 90.000000
 31844.16250000, 2.508462E+03, 4.442153E+01, 315.922306, 101.872104, 90.000000
 31844.16319444, 2.535345E+03, 4.334537E+01, 316.879906, 102.964160, 90.000000
 31844.16388889, 2.561240E+03, 4.226667E+01, 317.785574, 104.043556, 90.000000
 31844.16458333, 2.586142E+03, 4.118608E+01, 318.643339, 105.110588, 90.000000
 31844.16527778, 2.610046E+03, 4.010414E+01, 319.456885, 106.165538, 90.000000
 31844.16597222, 2.632946E+03, 3.902129E+01, 320.229588, 107.208671, 90.000000
 31844.16666667, 2.654839E+03, 3.793789E+01, 320.964537, 108.240238, 90.000000
 31844.16736111, 2.675719E+03, 3.685424E+01, 321.664567, 109.260474, 90.000000
 31844.16805556, 2.695584E+03, 3.577056E+01, 322.332281, 110.269596, 90.000000
 31844.16875000, 2.714430E+03, 3.468701E+01, 322.970072, 111.267804, 90.000000
 31844.16944444, 2.732253E+03, 3.360372E+01, 323.580143, 112.255282, 90.000000
 31844.17013889, 2.749051E+03, 3.252075E+01, 324.164527, 113.232194, 90.000000
 31844.17083333, 2.764822E+03, 3.143816E+01, 324.725102, 114.198686, 90.000000
 31844.17152778, 2.779561E+03, 3.035593E+01, 325.263606, 115.154884, 90.000000
 31844.17222222, 2.793268E+03, 2.927406E+01, 325.781650, 116.100896, 90.000000
 31844.17291667, 2.805941E+03, 2.819248E+01, 326.280733, 117.036807, 90.000000
 31844.17361111, 2.817577E+03, 2.711113E+01, 326.762247, 117.962681, 90.000000
 31844.17430556, 2.828175E+03, 2.602991E+01, 327.227496, 118.878560, 90.000000
 31844.17500000, 2.837733E+03, 2.494870E+01, 327.677695, 119.784462, 90.000000
 31844.17569444, 2.846250E+03, 2.386739E+01, 328.113986, 120.680383, 90.000000
 31844.17638889, 2.853726E+03, 2.278582E+01, 328.537441, 121.566289, 90.000000
 31844.17708333, 2.860159E+03, 2.170384E+01, 328.949071, 122.442123, 90.000000
 31844.17777778, 2.865547E+03, 2.062127E+01, 329.349831, 123.307797, 90.000000
 31844.17847222, 2.869892E+03, 1.953795E+01, 329.740625, 124.163196, 90.000000
 31844.17916667, 2.873191E+03, 1.845367E+01, 330.122313, 125.008170, 90.000000
 31844.17986111, 2.875444E+03, 1.736825E+01, 330.495715, 125.842539, 90.000000
 31844.18055556, 2.876652E+03, 1.628146E+01, 330.861614, 126.666086, 90.000000
 31844.18125000, 2.876813E+03, 1.519311E+01, 331.220764, 127.478557, 90.000000
 31844.18194444, 2.875928E+03, 1.410295E+01, 331.573888, 128.279661, 90.000000
 31844.18263889, 2.873997E+03, 1.301077E+01, 331.921688, 129.069062, 90.000000
 31844.18333333, 2.871020E+03, 1.191633E+01, 332.264841, 129.846381, 90.000000
 31844.18402778, 2.866997E+03, 1.081938E+01, 332.604011, 130.611194, 90.000000
 31844.18472222, 2.861929E+03, 9.719676E+00, 332.939843, 131.363024, 90.000000
 31844.18541667, 2.855816E+03, 8.616965E+00, 333.272974, 132.101346, 90.000000
 31844.18611111, 2.848660E+03, 7.510987E+00, 333.604030, 132.825576, 90.000000
 31844.18680556, 2.840460E+03, 6.401477E+00, 333.933632, 133.535072, 90.000000
 31844.18750000, 2.831218E+03, 5.288164E+00, 334.262398, 134.229133, 90.000000
 31844.18819444, 2.820935E+03, 4.170774E+00, 334.590944, 134.906992, 90.000000
 31844.18888889, 2.809612E+03, 3.049027E+00, 334.919891, 135.567813, 90.000000
 31844.18958333, 2.797251E+03, 1.922639E+00, 335.249863, 136.210693, 90.000000
 31844.19027778, 2.783854E+03, 7.913206E-01, 335.581494, 136.834653, 90.000000
 31844.19097222, 2.769422E+03, -3.452215E-01, 335.915427, 137.438639, 90.000000
 31844.19166667, 2.753959E+03, -1.487285E+00, 336.252322, 138.021522, 90.000000
 31844.19236111, 2.737465E+03, -2.635171E+00, 336.592854, 138.582091, 90.000000
 31844.19305556, 2.719944E+03, -3.789185E+00, 336.937720, 139.119056, 90.000000
 31844.19375000, 2.701398E+03, -4.949637E+00, 337.287644, 139.631050, 90.000000
 31844.19444444, 2.681831E+03, -6.116837E+00, 337.643376, 140.116625, 90.000000
 31844.19513889, 2.661247E+03, -7.291101E+00, 338.005701, 140.574256, 90.000000
 31844.19583333, 2.639649E+03, -8.472746E+00, 338.375440, 141.002346, 90.000000
 31844.19652778, 2.617041E+03, -9.662090E+00, 338.753461, 141.399232, 90.000000
 31844.19722222, 2.593428E+03, -1.085945E+01, 339.140677, 141.763185, 90.000000
 31844.19791667, 2.568816E+03, -1.206516E+01, 339.538058, 142.092426, 90.000000
 31844.19861111, 2.543209E+03, -1.327952E+01, 339.946637, 142.385131, 90.000000
 31844.19930556, 2.516614E+03, -1.450285E+01, 340.367517, 142.639445, 90.000000
 31844.20000000, 2.489037E+03, -1.573548E+01, 340.801878, 142.853494, 90.000000
 31844.20069444, 2.460485E+03, -1.697770E+01, 341.250991, 143.025402, 90.000000
 31844.20138889, 2.430966E+03, -1.822982E+01, 341.716226, 143.153302, 90.000000
 31844.20208333, 2.400489E+03, -1.949213E+01, 342.199065, 143.235359, 90.000000
 31844.20277778, 2.369063E+03, -2.076491E+01, 342.701117, 143.269785, 90.000000
 31844.20347222, 2.336697E+03, -2.204841E+01, 343.224134, 143.254855, 90.000000
 31844.20416667, 2.303403E+03, -2.334289E+01, 343.770028, 143.188923, 90.000000
 31844.20486111, 2.269192E+03, -2.464856E+01, 344.340894, 143.070443, 90.000000
 31844.20555556, 2.234077E+03, -2.596560E+01, 344.939033, 142.897973, 90.000000
 31844.20625000, 2.198071E+03, -2.729417E+01, 345.566978, 142.670194, 90.000000
 31844.20694444, 2.161189E+03, -2.863436E+01, 346.227531, 142.385917, 90.000000
 31844.20763889, 2.123448E+03, -2.998623E+01, 346.923794, 142.044082, 90.000000
 31844.20833333, 2.084865E+03, -3.134974E+01, 347.659211, 141.643768, 90.000000
 31844.20902778, 2.045458E+03, -3.272479E+01, 348.437623, 141.184184, 90.000000
 31844.20972222, 2.005247E+03, -3.411118E+01, 349.263317, 140.664669, 90.000000
 31844.21041667, 1.964254E+03, -3.550858E+01, 350.141098, 140.084681, 90.000000
 31844.21111111, 1.922504E+03, -3.691652E+01, 351.076358, 139.443791, 90.000000
 31844.21180556, 1.880019E+03, -3.833436E+01, 352.075167, 138.741662, 90.000000
 31844.21250000, 1.836829E+03, -3.976122E+01, 353.144373, 137.978046, 90.000000
 31844.21319444, 1.792961E+03, -4.119601E+01, 354.291717, 137.152760, 90.000000
 31844.21388889, 1.748447E+03, -4.263730E+01, 355.525961, 136.265677, 90.000000
 31844.21458333, 1.703320E+03, -4.408329E+01, 356.857040, 135.316708, 90.000000
 31844.21527778, 1.657616E+03, -4.553172E+01, 358.296222, 134.305789, 90.000000
 31844.21597222, 1.611374E+03, -4.697981E+01, 359.856287, 133.232871, 90.000000
 31844.21666667, 1.564633E+03, -4.842409E+01,  1.551709, 132.097904, 90.000000
 31844.21736111, 1.517437E+03, -4.986031E+01,  3.398841, 130.900832, 90.000000
 31844.21805556, 1.469834E+03, -5.128323E+01,  5.416067, 129.641584, 90.000000
 31844.21875000, 1.421872E+03, -5.268649E+01,  7.623904, 128.320070, 90.000000
 31844.21944444, 1.373604E+03, -5.406231E+01, 10.044986, 126.936180, 90.000000
 31844.22013889, 1.325087E+03, -5.540130E+01, 12.703861, 125.489782, 90.000000
 31844.22083333, 1.276381E+03, -5.669213E+01, 15.626484, 123.980728, 90.000000
 31844.22152778, 1.227550E+03, -5.792133E+01, 18.839242, 122.408857, 90.000000
 31844.22222222, 1.178661E+03, -5.907297E+01, 22.367337, 120.774007, 90.000000
 31844.22291667, 1.129787E+03, -6.012857E+01, 26.232330, 119.076024, 90.000000
 31844.22361111, 1.081006E+03, -6.106709E+01, 30.448712, 117.314782, 90.000000
 31844.22430556, 1.032400E+03, -6.186525E+01, 35.019573, 115.490192, 90.000000
 31844.22500000, 9.840570E+02, -6.249826E+01, 39.931786, 113.602232, 90.000000
 31844.22569444, 9.360705E+02, -6.294091E+01, 45.151645, 111.650965, 90.000000
 31844.22638889, 8.885406E+02, -6.316929E+01, 50.622378, 109.636572, 90.000000
 31844.22708333, 8.415738E+02, -6.316264E+01, 56.265104, 107.559379, 90.000000
 31844.22777778, 7.952836E+02, -6.290521E+01, 61.984167, 105.419893, 90.000000
 31844.22847222, 7.497902E+02, -6.238772E+01, 67.676432, 103.218846, 90.000000
 31844.22916667, 7.052209E+02, -6.160788E+01, 73.242502, 100.957233, 90.000000
 31844.22986111, 6.617103E+02, -6.057007E+01, 78.596970, 98.636367, 90.000000
 31844.23055556, 6.193995E+02, -5.928424E+01, 83.675244, 96.257933, 90.000000
 31844.23125000, 5.784361E+02, -5.776431E+01, 88.435951, 93.824046, 90.000000
 31844.23194444, 5.389738E+02, -5.602664E+01, 92.859476, 91.337322, 90.000000
 31844.23263889, 5.011718E+02, -5.408861E+01, 96.944066, 88.800949, 90.000000
 31844.23333333, 4.651946E+02, -5.196769E+01, 100.701057, 86.218757, 90.000000
 31844.23402778, 4.312112E+02, -4.968078E+01, 104.150323, 83.595295, 90.000000
 31844.23472222, 3.993951E+02, -4.724396E+01, 107.316554, 80.935897, 90.000000
 31844.23541667, 3.699239E+02, -4.467240E+01, 110.226511, 78.246738, 90.000000
 31844.23611111, 3.429788E+02, -4.198044E+01, 112.907186, 75.534873, 90.000000
 31844.23680556, 3.187435E+02, -3.918174E+01, 115.384683, 72.808260, 90.000000
 31844.23750000, 2.974020E+02, -3.628941E+01, 117.683612, 70.075754, 90.000000
 31844.23819444, 2.791360E+02, -3.331616E+01, 119.826827, 67.347089, 90.000000
 31844.23888889, 2.641192E+02, -3.027439E+01, 121.835375, 64.632845, 90.000000
 31844.23958333, 2.525113E+02, -2.717618E+01, 123.728553, 61.944420, 90.000000
 31844.24027778, 2.444497E+02, -2.403334E+01, 125.524006, 59.294020, 90.000000
 31844.24097222, 2.400410E+02, -2.085735E+01, 127.237837, 56.694683, 90.000000
 31844.24166667, 2.393524E+02, -1.765930E+01, 128.884695, 54.160347, 90.000000
 31844.24236111, 2.424052E+02, -1.444983E+01, 130.477852, 51.705951, 90.000000
 31844.24305556, 2.491711E+02, -1.123906E+01, 132.029264, 49.347556, 90.000000
 31844.24375000, 2.595716E+02, -8.036627E+00, 133.549629, 47.102446, 90.000000
 31844.24444444, 2.734826E+02, -4.851569E+00, 135.048467, 44.989145, 90.000000
 31844.24513889, 2.907412E+02, -1.692380E+00, 136.534205, 43.027296, 90.000000
 31844.24583333, 3.111559E+02, 1.433019E+00, 138.014306, 41.237322, 90.000000
 31844.24652778, 3.345176E+02, 4.517288E+00, 139.495405, 39.639805, 90.000000
 31844.24722222, 3.606108E+02, 7.553671E+00, 140.983476, 38.254564, 90.000000
 31844.24791667, 3.892226E+02, 1.053601E+01, 142.483999, 37.099444, 90.000000
 31844.24861111, 4.201495E+02, 1.345875E+01, 144.002130, 36.188918, 90.000000
 31844.24930556, 4.532023E+02, 1.631693E+01, 145.542852, 35.532695, 90.000000
 31844.25000000, 4.882076E+02, 1.910615E+01, 147.111117, 35.134586, 90.000000
 31844.25069444, 5.250076E+02, 2.182260E+01, 148.711957, 34.991876, 90.000000
 31844.25138889, 5.634586E+02, 2.446292E+01, 150.350568, 35.095390, 90.000000
